0 0.980545 0.625698 0.976654 0.630354 0.951362 0.629423 0.94358 0.633147 0.939689 0.643389 0.940661 0.663873 0.94358 0.666667 0.966926 0.673184 0.979572 0.673184 0.985409 0.668529 0.988327 0.659218 0.988327 0.638734 0.983463 0.625698
0 0.941634 0.681564 0.932879 0.684358 0.928016 0.689944 0.921206 0.708566 0.921206 0.717877 0.928016 0.72905 0.937743 0.733706 0.942607 0.732775 0.946498 0.73743 0.949416 0.73743 0.947471 0.734637 0.979572 0.705773 0.979572 0.700186 0.973735 0.691806 0.949416 0.681564
0 0.884728 0.67784 0.879377 0.67784 0.874514 0.682495 0.871595 0.695531 0.873541 0.70298 0.882296 0.714153 0.893969 0.721601 0.901751 0.721601 0.911479 0.710428 0.914397 0.690875 0.90856 0.683426 0.890078 0.67784
0 0.902724 0.623836 0.888132 0.624767 0.883268 0.628492 0.88035 0.635009 0.879377 0.658287 0.883268 0.662942 0.895914 0.667598 0.917315 0.66946 0.922179 0.662942 0.925097 0.635009 0.919261 0.625698 0.911479 0.623836
0 0.848249 0.616387 0.828794 0.619181 0.821984 0.623836 0.818093 0.631285 0.820039 0.645251 0.826848 0.654562 0.837549 0.662011 0.858949 0.662011 0.866732 0.655493 0.868677 0.622905 0.865759 0.61825 0.850195 0.616387
0 0.845331 0.668529 0.83463 0.674115 0.833658 0.689013 0.838521 0.695531 0.853113 0.697393 0.859922 0.691806 0.861868 0.675978 0.857977 0.66946 0.846304 0.66946
0 0.847276 0.707635 0.835603 0.708566 0.829767 0.715084 0.829767 0.726257 0.83463 0.73743 0.847276 0.744879 0.872568 0.73743 0.865759 0.716946 0.855058 0.707635
0 0.801556 0.648976 0.785992 0.656425 0.776265 0.664804 0.773346 0.672253 0.775292 0.683426 0.810311 0.688082 0.821012 0.678771 0.821984 0.671322 0.811284 0.653631 0.804475 0.648976
0 0.803502 0.583799 0.794747 0.588454 0.790856 0.600559 0.798638 0.611732 0.80642 0.61825 0.811284 0.61825 0.827821 0.608939 0.828794 0.599628 0.821984 0.587523 0.804475 0.58473
0 0.826848 0.547486 0.803502 0.552142 0.798638 0.570764 0.80642 0.57635 0.820039 0.578212 0.832685 0.574488 0.836576 0.568901 0.836576 0.562384 0.827821 0.547486
0 0.858949 0.57635 0.848249 0.577281 0.84144 0.582868 0.84144 0.59311 0.848249 0.600559 0.858949 0.60149 0.866732 0.599628 0.871595 0.594972 0.872568 0.582868 0.864786 0.57635
0 0.858625 0.542831 0.848249 0.542831 0.842412 0.547486 0.843385 0.560521 0.848249 0.565177 0.86965 0.565177 0.870623 0.553073 0.863813 0.542831
0 0.891051 0.541899 0.883268 0.545624 0.879377 0.553073 0.881323 0.567039 0.890078 0.569832 0.899805 0.56797 0.903696 0.560521 0.902724 0.553073 0.893969 0.541899
0 0.945525 0.552142 0.939689 0.558659 0.939689 0.565177 0.94358 0.56797 0.955253 0.567039 0.959144 0.563315 0.960117 0.556797 0.95428 0.552142
0 0.974708 0.554935 0.969844 0.558659 0.969844 0.567039 0.976654 0.571695 0.984436 0.572626 0.988327 0.569832 0.988327 0.560521 0.980545 0.554935
0 0.95428 0.572626 0.939689 0.574488 0.931907 0.581006 0.930934 0.602421 0.934825 0.613594 0.949416 0.625698 0.973735 0.626629 0.974708 0.621043 0.98249 0.616387 0.980545 0.605214 0.983463 0.598696 0.975681 0.581006 0.957198 0.572626
0 0.910506 0.802607 0.889105 0.812849 0.882296 0.825885 0.881323 0.837058 0.892023 0.850093 0.906615 0.859404 0.933852 0.854749 0.937743 0.851955 0.94358 0.837989 0.934825 0.808194 0.92607 0.803538 0.912451 0.802607
0 0.903696 0.935754 0.890078 0.94041 0.883268 0.946927 0.88035 0.955307 0.882296 0.970205 0.898833 0.982309 0.925097 0.985102 0.938716 0.970205 0.937743 0.957169 0.928988 0.944134 0.910506 0.935754
0 0.85214 0.91527 0.820039 0.937616 0.820039 0.945996 0.825875 0.958101 0.84144 0.968343 0.848249 0.969274 0.864786 0.967412 0.868677 0.963687 0.873541 0.945996 0.873541 0.935754 0.86965 0.926443 0.855058 0.91527
0 0.892996 0.901304 0.886187 0.904097 0.879377 0.914339 0.879377 0.922719 0.882296 0.925512 0.891051 0.926443 0.904669 0.920857 0.901751 0.90689 0.894942 0.901304
0 0.958171 0.928305 0.949416 0.931099 0.945525 0.935754 0.944553 0.953445 0.951362 0.963687 0.970817 0.964618 0.981518 0.954376 0.98249 0.939479 0.977626 0.93203 0.965953 0.928305
0 0.928988 0.910615 0.923152 0.914339 0.923152 0.921788 0.927043 0.928305 0.935798 0.928305 0.938716 0.920857 0.930934 0.910615
0 0.928016 0.872439 0.912451 0.878957 0.90856 0.886406 0.911479 0.894786 0.928016 0.897579 0.934825 0.893855 0.935798 0.878957 0.928988 0.873371
0 0.956226 0.891993 0.948444 0.900372 0.949416 0.913408 0.955253 0.916201 0.963035 0.916201 0.973735 0.907821 0.97179 0.896648 0.964981 0.891993
0 0.958171 0.849162 0.948444 0.854749 0.94358 0.862197 0.944553 0.874302 0.953307 0.879888 0.965953 0.878026 0.972763 0.866853 0.970817 0.857542 0.960117 0.849162
0 0.986381 0.816574 0.972763 0.823091 0.967899 0.83054 0.969844 0.841713 0.984436 0.851955 0.991245 0.851955 0.999027 0.845438 0.999027 0.819367 0.995136 0.816574
0 0.998054 0.867784 0.990272 0.869646 0.984436 0.876164 0.987354 0.896648 0.994163 0.901304 0.999027 0.901304 0.999027 0.867784
0 0.84144 0.873371 0.830739 0.878026 0.825875 0.884544 0.822957 0.900372 0.827821 0.908752 0.844358 0.905959 0.855058 0.893855 0.847276 0.876164 0.842412 0.873371
0 0.799611 0.908752 0.789883 0.91527 0.790856 0.925512 0.799611 0.931099 0.810311 0.928305 0.814202 0.921788 0.807393 0.908752
0 0.799611 0.876164 0.792802 0.882682 0.792802 0.891993 0.79572 0.894786 0.804475 0.894786 0.809339 0.891061 0.810311 0.882682 0.805447 0.876164
0 0.816148 0.840782 0.807393 0.844507 0.80642 0.858473 0.810311 0.86406 0.817121 0.866853 0.82393 0.866853 0.835603 0.858473 0.833658 0.845438 0.824903 0.840782
0 0.840467 0.802607 0.827821 0.8054 0.82393 0.81378 0.825875 0.825885 0.837549 0.832402 0.848249 0.828678 0.855058 0.817505 0.85214 0.806331 0.847276 0.802607
0 0.785019 0.794227 0.776265 0.799814 0.780156 0.810987 0.776265 0.828678 0.782101 0.833333 0.80642 0.829609 0.811284 0.824022 0.812257 0.801676 0.793774 0.794227
0 0.779183 0.845438 0.773346 0.851955 0.773346 0.859404 0.779183 0.867784 0.786965 0.868715 0.793774 0.86406 0.79572 0.856611 0.792802 0.849162 0.785992 0.845438
0 0.716926 0.870577 0.706226 0.876164 0.707198 0.889199 0.717899 0.902235 0.723735 0.905959 0.73249 0.905959 0.740272 0.89851 0.740272 0.892924 0.730545 0.874302 0.725681 0.870577
0 0.726654 0.782123 0.717899 0.785847 0.712062 0.792365 0.709144 0.810987 0.718872 0.824022 0.747082 0.825885 0.755837 0.817505 0.756809 0.800745 0.748054 0.788641 0.735409 0.782123
0 0.758755 0.738361 0.747082 0.744879 0.744163 0.769088 0.754864 0.783054 0.7607 0.785847 0.774319 0.785847 0.787938 0.778399 0.789883 0.757914 0.781128 0.743948 0.766537 0.738361
0 0.719844 0.735568 0.707198 0.741155 0.703307 0.747672 0.705253 0.760708 0.711089 0.771881 0.715953 0.774674 0.726654 0.773743 0.733463 0.767225 0.735409 0.746741 0.724708 0.735568
0 0.674125 0.756983 0.66537 0.760708 0.656615 0.782123 0.656615 0.796089 0.66537 0.804469 0.691634 0.800745 0.699416 0.795158 0.701362 0.771881 0.69358 0.758845 0.681907 0.756983
0 0.688716 0.815642 0.675097 0.819367 0.671206 0.824953 0.682879 0.839851 0.695525 0.844507 0.700389 0.837989 0.700389 0.824022 0.695525 0.817505 0.689689 0.816574
0 0.626946 0.800745 0.614786 0.802607 0.600195 0.816574 0.598249 0.831471 0.605058 0.83892 0.626459 0.841713 0.63716 0.835196 0.642023 0.824022 0.642023 0.810056 0.633268 0.800745
0 0.617218 0.874302 0.610895 0.874302 0.603113 0.880819 0.597276 0.895717 0.597276 0.904097 0.599222 0.907821 0.607977 0.911546 0.633268 0.914339 0.63716 0.905028 0.63716 0.889199 0.633268 0.879888 0.623541 0.874302
0 0.577821 0.863128 0.566148 0.869646 0.559339 0.885475 0.570039 0.89851 0.575875 0.900372 0.582685 0.89851 0.588521 0.889199 0.588521 0.877095 0.583658 0.865922 0.578794 0.86406
0 0.575389 0.833333 0.568093 0.834264 0.566148 0.837989 0.566148 0.845438 0.571012 0.851955 0.577821 0.851024 0.585603 0.844507 0.585603 0.837058 0.580739 0.833333
0 0.628405 0.850093 0.622568 0.854749 0.622568 0.862197 0.634241 0.864991 0.63716 0.858473 0.633268 0.850093
0 0.673152 0.858473 0.666342 0.869646 0.668288 0.878957 0.674125 0.886406 0.688716 0.887337 0.695525 0.879888 0.694553 0.871508 0.684825 0.861266 0.67607 0.858473
0 0.546693 0.8473 0.532101 0.861266 0.535992 0.872439 0.54572 0.878026 0.555447 0.871508 0.559339 0.86406 0.558366 0.854749 0.551556 0.8473
0 0.513619 0.834264 0.507782 0.83892 0.504864 0.8473 0.522374 0.856611 0.527237 0.852886 0.52821 0.844507 0.519455 0.834264
0 0.491245 0.801676 0.48249 0.807263 0.478599 0.819367 0.481518 0.83054 0.4893 0.836127 0.5 0.833333 0.512646 0.820298 0.509728 0.806331 0.504864 0.802607 0.495136 0.801676
0 0.543774 0.815642 0.530156 0.820298 0.529183 0.826816 0.533074 0.831471 0.541829 0.834264 0.553502 0.833333 0.55642 0.824022 0.551556 0.815642
0 0.57393 0.784916 0.564202 0.791434 0.561284 0.798883 0.56323 0.809125 0.569066 0.816574 0.585603 0.812849 0.59144 0.802607 0.588521 0.791434 0.578794 0.784916
0 0.535992 0.777467 0.526265 0.783054 0.522374 0.791434 0.524319 0.798883 0.532101 0.803538 0.542802 0.798883 0.548638 0.789572 0.549611 0.782123 0.543774 0.777467
0 0.498054 0.77095 0.4893 0.781192 0.4893 0.786778 0.493191 0.790503 0.504864 0.790503 0.509728 0.786778 0.509728 0.775605 0.502918 0.77095
0 0.483463 0.747672 0.478599 0.752328 0.478599 0.760708 0.483463 0.764432 0.493191 0.760708 0.494163 0.75419 0.490272 0.747672
0 0.527237 0.726257 0.514591 0.729981 0.505837 0.742086 0.506809 0.755121 0.518482 0.767225 0.533074 0.765363 0.542802 0.759777 0.548638 0.752328 0.54572 0.734637 0.532101 0.726257
0 0.56323 0.743948 0.557393 0.748603 0.557393 0.758845 0.559339 0.769088 0.564202 0.774674 0.577821 0.769088 0.58463 0.756052 0.577821 0.74581 0.568093 0.743948
0 0.614786 0.764432 0.605058 0.766294 0.600195 0.771881 0.601167 0.778399 0.607977 0.786778 0.615759 0.786778 0.624514 0.780261 0.627432 0.769088 0.623541 0.764432
0 0.608949 0.709497 0.598249 0.716015 0.593385 0.727188 0.593385 0.73743 0.603113 0.750466 0.611868 0.753259 0.624514 0.746741 0.628405 0.729981 0.624514 0.716015 0.61284 0.709497
0 0.579767 0.6946 0.567121 0.701117 0.559339 0.709497 0.560311 0.716946 0.568093 0.723464 0.578794 0.722533 0.586576 0.714153 0.587549 0.699255 0.581712 0.6946
0 0.532101 0.684358 0.520428 0.684358 0.5107 0.689944 0.507782 0.702048 0.514591 0.711359 0.531128 0.712291 0.538911 0.708566 0.54572 0.691806 0.537938 0.684358
0 0.485409 0.707635 0.473735 0.716015 0.475681 0.728119 0.481518 0.732775 0.490272 0.732775 0.502918 0.723464 0.502918 0.715084 0.493191 0.707635
0 0.522374 0.638734 0.5107 0.647114 0.508755 0.657356 0.514591 0.664804 0.522374 0.668529 0.533074 0.668529 0.539883 0.662942 0.540856 0.650838 0.535992 0.642458 0.525292 0.638734
0 0.479572 0.658287 0.464008 0.662011 0.457198 0.674115 0.459144 0.685289 0.467899 0.692737 0.476654 0.695531 0.490272 0.692737 0.5 0.678771 0.496109 0.663873 0.486381 0.658287
0 0.450389 0.699255 0.44358 0.702048 0.437743 0.711359 0.439689 0.717877 0.445525 0.722533 0.45428 0.721601 0.459144 0.716946 0.456226 0.703911 0.452335 0.699255
0 0.407588 0.743017 0.392023 0.746741 0.377432 0.764432 0.381323 0.77933 0.390078 0.789572 0.406615 0.793296 0.417315 0.790503 0.422179 0.785847 0.42607 0.772812 0.425097 0.756052 0.420233 0.747672 0.412451 0.743017
0 0.411479 0.697393 0.403696 0.699255 0.392996 0.708566 0.390078 0.716946 0.392996 0.725326 0.39786 0.727188 0.406615 0.723464 0.417315 0.713222 0.421206 0.70298 0.414397 0.697393
0 0.430934 0.66946 0.420233 0.675047 0.420233 0.687151 0.425097 0.691806 0.435798 0.691806 0.439689 0.687151 0.441634 0.673184 0.435798 0.66946
0 0.434825 0.611732 0.417315 0.621974 0.411479 0.636872 0.411479 0.645251 0.41537 0.6527 0.422179 0.657356 0.450389 0.659218 0.464008 0.643389 0.464008 0.627561 0.455253 0.619181 0.435798 0.611732
0 0.465953 0.581006 0.455253 0.589385 0.45428 0.60149 0.465953 0.614525 0.478599 0.616387 0.4893 0.610801 0.494163 0.603352 0.494163 0.594041 0.480545 0.581937 0.466926 0.581006
0 0.77821 0.608939 0.757782 0.614525 0.750973 0.626629 0.755837 0.645251 0.76751 0.653631 0.772374 0.653631 0.793774 0.640596 0.796693 0.626629 0.790856 0.617318 0.780156 0.608939
0 0.730545 0.523277 0.72179 0.530726 0.718872 0.55121 0.729572 0.560521 0.744163 0.561453 0.751946 0.554935 0.758755 0.535382 0.749027 0.527002 0.731518 0.524209
0 0.687743 0.513966 0.67607 0.521415 0.671206 0.537244 0.681907 0.546555 0.70428 0.549348 0.709144 0.545624 0.710117 0.52514 0.701362 0.517691 0.688716 0.513966
0 0.661479 0.555866 0.653696 0.560521 0.653696 0.581937 0.668288 0.597765 0.682879 0.598696 0.699416 0.58473 0.698444 0.57635 0.691634 0.563315 0.669261 0.555866
0 0.771401 0.540968 0.759728 0.555866 0.758755 0.56797 0.775292 0.577281 0.785992 0.573557 0.793774 0.554004 0.786965 0.543762 0.777237 0.540968
0 0.642996 0.496276 0.636187 0.498138 0.621595 0.514898 0.61965 0.528864 0.626459 0.539106 0.642023 0.540968 0.659533 0.532588 0.66537 0.506518 0.65856 0.499069 0.650778 0.496276
0 0.615759 0.460894 0.598249 0.462756 0.585603 0.484171 0.587549 0.497207 0.599222 0.506518 0.616732 0.503724 0.631323 0.486965 0.632296 0.477654 0.628405 0.467412 0.616732 0.461825
0 0.559339 0.446927 0.544747 0.457169 0.536965 0.470205 0.540856 0.486034 0.552529 0.494413 0.567121 0.494413 0.571012 0.49162 0.576848 0.476723 0.576848 0.463687 0.572957 0.456238 0.561284 0.446927
0 0.525292 0.408752 0.514591 0.410615 0.5 0.430168 0.5 0.44041 0.504864 0.452514 0.521401 0.460894 0.52821 0.459032 0.550584 0.436685 0.550584 0.428305 0.54572 0.418994 0.530156 0.408752
0 0.564202 0.40689 0.557393 0.414339 0.557393 0.421788 0.562257 0.429236 0.571012 0.426443 0.578794 0.418994 0.565175 0.40689
0 0.539883 0.387337 0.533074 0.391993 0.533074 0.399441 0.540856 0.404097 0.547665 0.404097 0.552529 0.396648 0.542802 0.387337
0 0.514591 0.351024 0.502918 0.356611 0.500973 0.365922 0.504864 0.377095 0.522374 0.387337 0.535992 0.378957 0.535992 0.366853 0.530156 0.357542 0.519455 0.351024
0 0.473735 0.373371 0.461089 0.379888 0.452335 0.39013 0.456226 0.412477 0.469844 0.424581 0.488327 0.421788 0.503891 0.401304 0.502918 0.393855 0.495136 0.382682 0.48249 0.373371
0 0.457198 0.326816 0.444553 0.329609 0.438716 0.337058 0.439689 0.351024 0.448444 0.36406 0.463035 0.363128 0.470817 0.352886 0.470817 0.341713 0.463035 0.326816
0 0.406128 0.33892 0.395914 0.340782 0.38716 0.3473 0.383268 0.365922 0.393969 0.380819 0.410506 0.385475 0.423152 0.378957 0.428016 0.366853 0.419261 0.342644 0.411479 0.33892
0 0.472763 0.275605 0.464981 0.280261 0.462062 0.294227 0.466926 0.304469 0.473735 0.307263 0.484436 0.306331 0.493191 0.29702 0.491245 0.285847 0.480545 0.275605
0 0.411479 0.230912 0.396887 0.238361 0.392023 0.248603 0.392996 0.256052 0.40856 0.27933 0.418288 0.283985 0.428988 0.283985 0.442607 0.272812 0.444553 0.258845 0.441634 0.243948 0.43677 0.235568 0.420233 0.230912
0 0.464981 0.238361 0.457198 0.241155 0.457198 0.255121 0.463035 0.265363 0.475681 0.26257 0.481518 0.252328 0.479572 0.244879 0.469844 0.238361
0 0.463035 0.190875 0.457198 0.192737 0.45428 0.197393 0.455253 0.214153 0.460117 0.218808 0.474708 0.216946 0.477626 0.212291 0.477626 0.202048 0.469844 0.190875
0 0.428016 0.191806 0.410506 0.198324 0.40856 0.207635 0.414397 0.217877 0.431907 0.219739 0.439689 0.215084 0.439689 0.200186 0.431907 0.191806
0 0.462062 0.156425 0.453307 0.163873 0.452335 0.173184 0.456226 0.178771 0.468872 0.176909 0.47179 0.172253 0.468872 0.16108 0.463035 0.156425
0 0.413911 0.139665 0.403696 0.141527 0.396887 0.151769 0.399805 0.175978 0.406615 0.182495 0.431907 0.179702 0.438716 0.171322 0.440661 0.150838 0.420233 0.139665
0 0.381323 0.0726257 0.357977 0.0782123 0.343385 0.0903166 0.338521 0.0986965 0.336576 0.126629 0.353113 0.139665 0.373541 0.140596 0.390078 0.131285 0.395914 0.123836 0.400778 0.0959032 0.393969 0.0782123 0.386187 0.0726257
0 0.358949 0.148976 0.348249 0.150838 0.342412 0.157356 0.338521 0.167598 0.339494 0.181564 0.346304 0.191806 0.345331 0.195531 0.348249 0.1946 0.361868 0.20298 0.368677 0.20298 0.377432 0.200186 0.385214 0.192737 0.389105 0.176909 0.379377 0.1527 0.365759 0.148976
0 0.44358 0.104283 0.428016 0.107076 0.421206 0.117318 0.425097 0.129423 0.442607 0.137803 0.452335 0.136872 0.457198 0.132216 0.460117 0.122905 0.456226 0.110801 0.450389 0.104283
0 0.47179 0.0968343 0.467899 0.102421 0.473735 0.10987 0.481518 0.105214 0.481518 0.100559 0.477626 0.0968343
0 0.465953 0.0605214 0.460117 0.0670391 0.463035 0.0772812 0.466926 0.0819367 0.477626 0.0819367 0.481518 0.075419 0.480545 0.0707635 0.468872 0.0605214
0 0.448444 0.0102421 0.44358 0.0139665 0.442607 0.0270019 0.447471 0.0353818 0.457198 0.0372439 0.465953 0.0297952 0.467899 0.0176909 0.466926 0.0148976 0.453307 0.0102421
0 0.472763 0.0400372 0.465953 0.0428305 0.464981 0.0465549 0.477626 0.0521415 0.480545 0.0456238 0.476654 0.0400372
0 0.268482 0.128492 0.257782 0.132216 0.250973 0.143389 0.253891 0.155493 0.263619 0.16108 0.276265 0.155493 0.285992 0.143389 0.283074 0.133147 0.276265 0.128492
0 0.249027 0.0735568 0.241245 0.075419 0.236381 0.0800745 0.23249 0.0931099 0.234436 0.108007 0.248054 0.11825 0.258755 0.117318 0.26751 0.112663 0.27821 0.0931099 0.27821 0.0875233 0.272374 0.0800745 0.254864 0.0735568
0 0.273346 0.0307263 0.2607 0.0400372 0.2607 0.0540037 0.265564 0.0633147 0.283074 0.0670391 0.291829 0.0614525 0.293774 0.0465549 0.287938 0.0353818 0.277237 0.0307263
0 0.222763 0.0288641 0.211089 0.0353818 0.207198 0.0446927 0.210117 0.0605214 0.225681 0.0679702 0.238327 0.0651769 0.247082 0.056797 0.244163 0.0363128 0.2393 0.0316574 0.229572 0.0288641
0 0.25535 0 0.2393 0 0.236381 0.00372439 0.235409 0.0148976 0.241245 0.0232775 0.254864 0.0251397 0.263619 0.018622 0.265564 0.0102421 0.2607 0
0 0.214981 0 0.17607 0 0.17607 0.00465549 0.188716 0.018622 0.20428 0.0204842 0.213035 0.0130354 0.219844 0
0 0.148589 0 0.133268 0 0.128405 0.018622 0.135214 0.0325885 0.150778 0.0363128 0.159533 0.0335196 0.16537 0.0232775 0.16537 0.0130354 0.153696 0
0 0.111138 0 0.094358 0 0.094358 0.0121043 0.098249 0.0158287 0.111868 0.0148976 0.116732 0.0102421 0.116732 0
0 0.0550302 0 0.0233463 0 0.0252918 0.0148976 0.0398833 0.0195531 0.0476654 0.018622 0.057393 0.0121043 0.0603113 0
0 0.0340467 0.0251397 0.0301556 0.0260708 0.0282101 0.0307263 0.0321012 0.0446927 0.0389105 0.0502793 0.0505837 0.047486 0.0476654 0.0288641 0.036965 0.0251397
0 0.07393 0.0148976 0.0564202 0.0260708 0.0564202 0.0363128 0.0603113 0.0437616 0.0729572 0.0428305 0.0817121 0.0363128 0.0836576 0.0195531 0.0749027 0.0158287
0 0.131323 0.0465549 0.125486 0.0549348 0.125486 0.0689013 0.13035 0.0763501 0.140078 0.0772812 0.150778 0.0679702 0.150778 0.0549348 0.14786 0.0502793 0.13716 0.0465549
0 0.180934 0.0335196 0.168288 0.0409683 0.163424 0.047486 0.163424 0.056797 0.171206 0.0670391 0.181907 0.0679702 0.194553 0.056797 0.19358 0.0391061 0.187743 0.0335196
0 0.198444 0.0707635 0.189689 0.0772812 0.18677 0.0949721 0.195525 0.106145 0.210117 0.105214 0.218872 0.0977654 0.218872 0.0865922 0.213035 0.0763501 0.200389 0.0707635
0 0.213359 0.11825 0.188716 0.121974 0.180934 0.130354 0.178016 0.138734 0.178016 0.158287 0.181907 0.165736 0.189689 0.172253 0.209144 0.178771 0.230545 0.173184 0.237354 0.160149 0.238327 0.148976 0.234436 0.129423 0.218872 0.11825
0 0.169261 0.10149 0.157588 0.104283 0.155642 0.111732 0.162451 0.121043 0.171206 0.122905 0.17607 0.120112 0.178988 0.112663 0.178016 0.105214 0.174125 0.10149
0 0.146887 0.129423 0.141051 0.133147 0.139105 0.143389 0.143969 0.150838 0.152724 0.151769 0.163424 0.14432 0.164397 0.139665 0.159533 0.132216 0.150778 0.129423
0 0.115272 0.0856611 0.100195 0.0884544 0.0914397 0.10149 0.0933852 0.122905 0.103113 0.131285 0.125486 0.128492 0.13716 0.11825 0.141051 0.10987 0.138132 0.0949721 0.120623 0.0856611
0 0.107977 0.027933 0.100195 0.0307263 0.0972763 0.0363128 0.0963035 0.0428305 0.101167 0.0484171 0.108949 0.047486 0.117704 0.0418994 0.118677 0.0316574 0.109922 0.027933
0 0.104086 0.0614525 0.094358 0.0670391 0.094358 0.0744879 0.105058 0.0763501 0.110895 0.0735568 0.110895 0.0651769 0.107004 0.0614525
0 0.0710117 0.0735568 0.0661479 0.0772812 0.0651751 0.0875233 0.07393 0.0949721 0.0807393 0.0912477 0.0836576 0.0810056 0.0797665 0.075419 0.0729572 0.0735568
0 0.0690661 0.102421 0.0642023 0.103352 0.0564202 0.111732 0.0564202 0.119181 0.0603113 0.125698 0.0729572 0.122905 0.077821 0.116387 0.0787938 0.108939 0.0710117 0.102421
0 0.0768482 0.129423 0.0680934 0.133147 0.0661479 0.138734 0.0680934 0.147114 0.0807393 0.151769 0.0914397 0.142458 0.0904669 0.134078 0.0826848 0.129423
0 0.115759 0.142458 0.106031 0.143389 0.0972763 0.148976 0.0953307 0.162942 0.0992218 0.171322 0.113813 0.173184 0.129377 0.166667 0.13035 0.156425 0.126459 0.146182 0.121595 0.142458
0 0.0719844 0.153631 0.0671206 0.160149 0.0671206 0.168529 0.0710117 0.172253 0.0787938 0.171322 0.0846304 0.166667 0.0836576 0.157356 0.0768482 0.153631
0 0.0826848 0.175978 0.07393 0.179702 0.0700389 0.188082 0.0768482 0.201117 0.0875486 0.199255 0.0924125 0.192737 0.0924125 0.185289 0.0875486 0.175978
0 0.0963035 0.20298 0.0885214 0.208566 0.0865759 0.221601 0.0894942 0.225326 0.098249 0.227188 0.108949 0.222533 0.11284 0.216946 0.110895 0.207635 0.104086 0.20298
0 0.105058 0.234637 0.0904669 0.243017 0.0904669 0.250466 0.0972763 0.256983 0.105058 0.256983 0.11284 0.252328 0.11284 0.239292 0.106031 0.234637
0 0.138132 0.196462 0.126459 0.209497 0.128405 0.216015 0.135214 0.221601 0.146887 0.22067 0.157588 0.210428 0.154669 0.199255 0.146887 0.196462
0 0.164397 0.225326 0.156615 0.22905 0.150778 0.23743 0.151751 0.244879 0.160506 0.253259 0.173152 0.252328 0.180934 0.242086 0.179961 0.229981 0.171206 0.225326
0 0.098249 0.266294 0.0914397 0.268156 0.0856031 0.278399 0.0875486 0.286778 0.0953307 0.291434 0.104086 0.290503 0.111868 0.283054 0.109922 0.27095 0.10214 0.266294
0 0.202335 0.274674 0.187743 0.284916 0.178988 0.299814 0.181907 0.317505 0.197471 0.328678 0.211089 0.327747 0.229572 0.317505 0.233463 0.307263 0.233463 0.295158 0.227626 0.284916 0.216926 0.275605 0.203307 0.274674
0 0.240272 0.218808 0.225681 0.22067 0.213035 0.229981 0.208171 0.239292 0.208171 0.256983 0.214008 0.263501 0.233463 0.271881 0.246109 0.270019 0.259728 0.255121 0.259728 0.230912 0.254864 0.223464 0.245136 0.218808
0 0.291829 0.221601 0.277237 0.226257 0.271401 0.236499 0.272374 0.255121 0.285019 0.261639 0.299611 0.259777 0.309339 0.241155 0.308366 0.230912 0.293774 0.221601
0 0.32393 0.257914 0.31323 0.263501 0.301556 0.282123 0.302529 0.298883 0.31323 0.304469 0.328794 0.304469 0.342412 0.289572 0.34144 0.270019 0.337549 0.261639 0.330739 0.257914
0 0.265564 0.269088 0.247082 0.280261 0.247082 0.29702 0.253891 0.308194 0.276265 0.31378 0.286965 0.304469 0.287938 0.281192 0.282101 0.272812 0.270428 0.269088
0 0.249027 0.319367 0.242218 0.32216 0.230545 0.334264 0.228599 0.349162 0.236381 0.357542 0.256809 0.359404 0.272374 0.349162 0.273346 0.333333 0.266537 0.325885 0.251946 0.319367
0 0.284047 0.360335 0.268482 0.364991 0.259728 0.373371 0.262646 0.38175 0.279183 0.395717 0.29572 0.391061 0.300584 0.384544 0.300584 0.367784 0.288911 0.360335
0 0.303502 0.402235 0.291829 0.404097 0.279183 0.41527 0.277237 0.424581 0.283074 0.436685 0.294747 0.439479 0.30642 0.436685 0.311284 0.43203 0.315175 0.414339 0.308366 0.402235
0 0.153696 0.298883 0.143969 0.300745 0.132296 0.308194 0.131323 0.316574 0.138132 0.326816 0.151751 0.327747 0.163424 0.319367 0.163424 0.304469 0.154669 0.299814
0 0.167315 0.266294 0.154669 0.27095 0.153696 0.282123 0.157588 0.287709 0.168288 0.287709 0.175097 0.283985 0.178988 0.271881 0.171206 0.266294
0 0.133268 0.253259 0.124514 0.264432 0.125486 0.269088 0.134241 0.269088 0.142996 0.264432 0.143969 0.257914 0.138132 0.253259
0 0.136187 0.280261 0.125486 0.284916 0.127432 0.292365 0.133268 0.293296 0.139105 0.288641 0.138132 0.280261
0 0.126459 0.231844 0.124514 0.234637 0.127432 0.241155 0.134241 0.241155 0.13716 0.238361 0.134241 0.231844
0 0.0758755 0.249534 0.0671206 0.255121 0.0661479 0.269088 0.0690661 0.274674 0.07393 0.274674 0.0836576 0.267225 0.0856031 0.256983 0.0807393 0.249534
0 0.0632296 0.295158 0.0525292 0.3054 0.0505837 0.320298 0.057393 0.332402 0.0700389 0.335196 0.0836576 0.323091 0.0856031 0.310056 0.0749027 0.298883 0.0671206 0.295158
0 0.10749 0.318436 0.098249 0.321229 0.0963035 0.333333 0.0992218 0.33892 0.113813 0.341713 0.11965 0.337058 0.120623 0.33054 0.118677 0.323091 0.11284 0.318436
0 0.405642 0.513035 0.390078 0.518622 0.38035 0.527933 0.383268 0.546555 0.392996 0.556797 0.399805 0.558659 0.419261 0.554004 0.428016 0.542831 0.428988 0.528864 0.420233 0.51676 0.413424 0.513035
0 0.372568 0.473929 0.358949 0.479516 0.354086 0.487896 0.355058 0.504655 0.365759 0.514898 0.38035 0.512104 0.392996 0.504655 0.39786 0.498138 0.39786 0.489758 0.393969 0.48324 0.384241 0.475791 0.373541 0.473929
0 0.333658 0.492551 0.32393 0.497207 0.324903 0.506518 0.330739 0.513966 0.337549 0.513035 0.34144 0.505587 0.34144 0.497207 0.335603 0.492551
0 0.257782 0.437616 0.25 0.44041 0.244163 0.447858 0.244163 0.455307 0.255837 0.467412 0.265564 0.46648 0.273346 0.459963 0.273346 0.445996 0.262646 0.437616
0 0.250973 0.397579 0.238327 0.402235 0.230545 0.412477 0.23249 0.42365 0.241245 0.430168 0.253891 0.429236 0.265564 0.417132 0.265564 0.403166 0.254864 0.397579
0 0.228599 0.366853 0.214981 0.373371 0.215953 0.387337 0.223735 0.394786 0.237354 0.391061 0.245136 0.382682 0.242218 0.372439 0.230545 0.366853
0 0.171206 0.328678 0.16537 0.333333 0.16537 0.340782 0.171206 0.346369 0.178016 0.344507 0.180934 0.339851 0.179961 0.331471 0.17607 0.328678
0 0.129377 0.370577 0.116732 0.377095 0.115759 0.386406 0.121595 0.396648 0.13035 0.404097 0.13716 0.404097 0.144942 0.39851 0.14786 0.389199 0.141051 0.377095 0.13035 0.371508
0 0.105058 0.391061 0.094358 0.396648 0.0885214 0.404097 0.094358 0.421788 0.105058 0.429236 0.114786 0.425512 0.124514 0.414339 0.116732 0.39851 0.108949 0.391061
0 0.140078 0.453445 0.128405 0.455307 0.121595 0.461825 0.121595 0.476723 0.133268 0.485102 0.142996 0.485102 0.154669 0.470205 0.151751 0.459963 0.141051 0.454376
0 0.142996 0.413408 0.134241 0.421788 0.139105 0.436685 0.146887 0.443203 0.156615 0.44041 0.157588 0.433892 0.14786 0.41527 0.143969 0.413408
0 0.170233 0.449721 0.163424 0.453445 0.162451 0.459032 0.164397 0.465549 0.173152 0.472067 0.182879 0.470205 0.187743 0.460894 0.185798 0.452514 0.177043 0.449721
0 0.215467 0.431099 0.20428 0.433892 0.199416 0.44041 0.199416 0.451583 0.207198 0.458101 0.22179 0.457169 0.229572 0.44879 0.228599 0.437616 0.220817 0.431099
0 0.168288 0.356611 0.162451 0.359404 0.154669 0.369646 0.156615 0.377095 0.167315 0.38175 0.175097 0.378957 0.180934 0.369646 0.179961 0.362197 0.172179 0.356611
0 0.20428 0.402235 0.198444 0.405028 0.195525 0.410615 0.197471 0.417132 0.201362 0.418994 0.207198 0.418994 0.215953 0.407821 0.211089 0.402235
0 0.195525 0.374302 0.188716 0.378957 0.188716 0.387337 0.195525 0.391993 0.199416 0.391061 0.202335 0.385475 0.201362 0.378957 0.196498 0.374302
0 0.187743 0.424581 0.179961 0.427374 0.17607 0.434823 0.180934 0.437616 0.188716 0.435754 0.188716 0.424581
0 0.268969 0.477654 0.254864 0.479516 0.249027 0.485102 0.25 0.502793 0.254864 0.507449 0.269455 0.509311 0.286965 0.497207 0.286965 0.486034 0.275292 0.477654
0 0.303502 0.504655 0.291829 0.50838 0.279183 0.518622 0.279183 0.539106 0.285992 0.546555 0.303502 0.548417 0.31323 0.544693 0.316148 0.540037 0.319066 0.522346 0.310311 0.50838 0.304475 0.505587
0 0.348249 0.521415 0.33463 0.528864 0.328794 0.546555 0.333658 0.554935 0.34144 0.560521 0.353113 0.558659 0.363813 0.546555 0.364786 0.528864 0.361868 0.524209 0.355058 0.521415
0 0.366732 0.563315 0.356031 0.56797 0.349222 0.57635 0.351167 0.591248 0.364786 0.597765 0.375486 0.594041 0.383268 0.581006 0.381323 0.568901 0.372568 0.563315
0 0.390078 0.60149 0.371595 0.60987 0.371595 0.625698 0.378405 0.634078 0.396887 0.638734 0.402724 0.632216 0.40856 0.611732 0.405642 0.607076 0.394942 0.60149
0 0.425097 0.561453 0.409533 0.566108 0.399805 0.57635 0.398833 0.588454 0.407588 0.594972 0.407588 0.598696 0.429961 0.598696 0.438716 0.59311 0.446498 0.581006 0.44358 0.568901 0.433852 0.562384 0.42607 0.561453
0 0.219844 0.494413 0.205253 0.499069 0.206226 0.512104 0.215953 0.518622 0.227626 0.51676 0.235409 0.505587 0.235409 0.499069 0.223735 0.494413
0 0.249027 0.519553 0.240272 0.52514 0.237354 0.532588 0.240272 0.544693 0.245136 0.546555 0.255837 0.545624 0.262646 0.536313 0.263619 0.52514 0.255837 0.519553
0 0.185798 0.513035 0.178988 0.520484 0.179961 0.532588 0.184825 0.536313 0.192607 0.536313 0.197471 0.529795 0.197471 0.518622 0.192607 0.513035
0 0.180934 0.485102 0.172179 0.498138 0.175097 0.503724 0.180934 0.505587 0.187743 0.503724 0.194553 0.495345 0.19358 0.490689 0.18677 0.485102
0 0.229572 0.557728 0.224708 0.563315 0.226654 0.574488 0.23249 0.579143 0.244163 0.581006 0.247082 0.572626 0.246109 0.562384 0.238327 0.557728
0 0.194553 0.560521 0.187743 0.566108 0.187743 0.575419 0.19358 0.585661 0.203307 0.588454 0.213035 0.58473 0.215953 0.577281 0.213035 0.570764 0.199416 0.560521
0 0.216926 0.588454 0.211089 0.594041 0.211089 0.602421 0.218872 0.608939 0.229572 0.60987 0.237354 0.606145 0.2393 0.595903 0.225681 0.588454
0 0.264591 0.610801 0.261673 0.613594 0.261673 0.626629 0.265564 0.631285 0.275292 0.632216 0.283074 0.626629 0.284047 0.619181 0.282101 0.615456 0.269455 0.610801
0 0.237354 0.61825 0.23249 0.622905 0.233463 0.633147 0.240272 0.640596 0.245136 0.640596 0.250973 0.63594 0.251946 0.628492 0.242218 0.61825
0 0.311284 0.616387 0.300584 0.621974 0.296693 0.628492 0.298638 0.638734 0.305447 0.641527 0.312257 0.640596 0.316148 0.63594 0.318093 0.622905 0.314202 0.616387
0 0.340467 0.603352 0.331712 0.612663 0.33463 0.632216 0.347276 0.632216 0.356031 0.623836 0.357004 0.60987 0.348249 0.603352
0 0.291829 0.649907 0.287938 0.655493 0.288911 0.667598 0.291829 0.66946 0.301556 0.668529 0.309339 0.663873 0.308366 0.655493 0.299611 0.649907
0 0.31323 0.674115 0.305447 0.681564 0.305447 0.689013 0.310311 0.6946 0.318093 0.693669 0.325875 0.682495 0.324903 0.67784 0.319066 0.674115
0 0.33463 0.693669 0.321984 0.705773 0.319066 0.714153 0.32393 0.724395 0.34144 0.727188 0.353113 0.715084 0.348249 0.699255 0.342412 0.693669
0 0.494163 0.620112 0.480545 0.625698 0.476654 0.630354 0.475681 0.640596 0.479572 0.64432 0.498054 0.645251 0.502918 0.641527 0.506809 0.627561 0.499027 0.620112
0 0.391051 0.6527 0.381323 0.657356 0.377432 0.666667 0.383268 0.676909 0.393969 0.682495 0.403696 0.67784 0.40856 0.668529 0.407588 0.662011 0.396887 0.6527
0 0.152724 0.164804 0.144942 0.166667 0.138132 0.175047 0.138132 0.181564 0.141051 0.184358 0.155642 0.185289 0.161479 0.181564 0.164397 0.171322 0.161479 0.166667 0.155642 0.164804
0 0.500973 0.317505 0.4893 0.320298 0.486381 0.325885 0.491245 0.339851 0.498054 0.342644 0.507782 0.337989 0.506809 0.324022 0.501946 0.318436
0 0.673152 0.486034 0.669261 0.493482 0.678016 0.500931 0.681907 0.498138 0.681907 0.490689 0.67607 0.486034
0 0.266537 0.550279 0.259728 0.555866 0.256809 0.564246 0.257782 0.571695 0.262646 0.574488 0.279183 0.560521 0.276265 0.554004 0.268482 0.550279
