0 0.0281008 0.0240838 0.0281008 0.0471204 0.0368217 0.060733 0.0474806 0.0670157 0.0658915 0.060733 0.0707364 0.0251309 0.0600775 0.00942408 0.0358527 0.0115183
0 0.0397287 0.0795812 0.0319767 0.0963351 0.0368217 0.118325 0.0552326 0.131937 0.0746124 0.129843 0.0833333 0.109948 0.0833333 0.0942408 0.0784884 0.0795812 0.0668605 0.0712042 0.0542636 0.0722513
0 0.0406977 0.147644 0.0416667 0.170681 0.0494186 0.183246 0.0600775 0.183246 0.0746124 0.170681 0.0746124 0.154974 0.0668605 0.141361 0.0494186 0.139267
0 0.0591085 0.195812 0.0600775 0.216754 0.0765504 0.236649 0.0891473 0.238743 0.108527 0.227225 0.112403 0.201047 0.102713 0.184293 0.0930233 0.176963 0.0813953 0.174869 0.0736434 0.17801
0 0.0862403 0.249215 0.0833333 0.255497 0.0843023 0.27644 0.0949612 0.294241 0.108527 0.301571 0.125969 0.300524 0.133721 0.294241 0.136628 0.281675 0.13469 0.260733 0.123062 0.241885 0.107558 0.237696
0 0.0939922 0.327749 0.0939922 0.349738 0.102713 0.363351 0.125 0.368586 0.140504 0.359162 0.143411 0.340314 0.129845 0.312042 0.106589 0.313089
0 0.123062 0.379058 0.121124 0.396859 0.133721 0.411518 0.142442 0.412565 0.153101 0.40733 0.162791 0.394764 0.156008 0.380105 0.145349 0.370681
0 0.150194 0.417801 0.151163 0.432461 0.164729 0.446073 0.179264 0.446073 0.187016 0.434555 0.185078 0.42199 0.167636 0.406283
0 0.188953 0.443979 0.188953 0.457592 0.193798 0.470157 0.207364 0.481675 0.226744 0.47644 0.239341 0.457592 0.235465 0.441885 0.216085 0.429319 0.199612 0.431414
0 0.241279 0.495288 0.242248 0.512042 0.254845 0.526702 0.274225 0.526702 0.284884 0.515183 0.286822 0.490052 0.26938 0.473298 0.25 0.472251
0 0.218992 0.395812 0.218023 0.406283 0.223837 0.419895 0.241279 0.430366 0.249031 0.430366 0.255814 0.425131 0.256783 0.409424 0.246124 0.39267 0.239341 0.388482 0.226744 0.388482
0 0.175388 0.389529 0.174419 0.401047 0.187984 0.415707 0.194767 0.419895 0.205426 0.415707 0.207364 0.398953 0.203488 0.390576 0.188953 0.383246
0 0.156977 0.353927 0.156008 0.360209 0.165698 0.372775 0.176357 0.370681 0.178295 0.362304 0.171512 0.354974 0.16376 0.350785
0 0.190891 0.340314 0.190891 0.359162 0.200581 0.374869 0.209302 0.380105 0.218992 0.380105 0.231589 0.370681 0.234496 0.350785 0.223837 0.33089 0.202519 0.327749 0.195736 0.33089
0 0.145349 0.299476 0.145349 0.310995 0.158915 0.335079 0.169574 0.33822 0.179264 0.334031 0.182171 0.326702 0.179264 0.299476 0.164729 0.291099 0.153101 0.291099
0 0.192829 0.279581 0.19186 0.300524 0.196705 0.308901 0.214147 0.315183 0.225775 0.306806 0.227713 0.290052 0.219961 0.27644 0.199612 0.273298
0 0.148256 0.243979 0.150194 0.265969 0.156008 0.274346 0.171512 0.278534 0.182171 0.271204 0.182171 0.255497 0.170543 0.236649 0.157946 0.233508
0 0.185078 0.216754 0.187016 0.237696 0.198643 0.25445 0.210271 0.258639 0.228682 0.251309 0.234496 0.237696 0.234496 0.223037 0.225775 0.211518 0.213178 0.204188 0.198643 0.204188
0 0.153101 0.183246 0.145349 0.191623 0.145349 0.2 0.153101 0.21466 0.167636 0.217801 0.175388 0.210471 0.176357 0.197906 0.164729 0.182199
0 0.122093 0.210471 0.124031 0.229319 0.131783 0.234555 0.139535 0.230366 0.142442 0.22199 0.137597 0.210471 0.129845 0.206283
0 0.112403 0.173822 0.111434 0.182199 0.116279 0.194764 0.124031 0.195812 0.132752 0.190576 0.133721 0.182199 0.128876 0.175916 0.120155 0.170681
0 0.0833333 0.136126 0.0813953 0.147644 0.0862403 0.163351 0.0988372 0.169634 0.10562 0.168586 0.111434 0.159162 0.106589 0.134031 0.0939922 0.126702
0 0.121124 0.131937 0.124031 0.154974 0.132752 0.165445 0.151163 0.168586 0.162791 0.158115 0.167636 0.134031 0.156008 0.115183 0.136628 0.114136 0.125 0.122513
0 0.177326 0.15288 0.177326 0.170681 0.188953 0.187435 0.209302 0.191623 0.224806 0.176963 0.227713 0.168586 0.224806 0.150785 0.209302 0.135079 0.188953 0.137173
0 0.216085 0.0984293 0.218992 0.126702 0.228682 0.13822 0.251938 0.142408 0.265504 0.127749 0.26938 0.103665 0.265504 0.0931937 0.254845 0.0837696 0.244186 0.0795812 0.23062 0.0816754
0 0.25969 0.0534031 0.263566 0.0743455 0.271318 0.0827225 0.281008 0.0858639 0.29845 0.0806283 0.307171 0.0680628 0.309109 0.0565445 0.305233 0.0418848 0.291667 0.0314136 0.26938 0.0376963
0 0.195736 0.0188482 0.195736 0.0471204 0.203488 0.0596859 0.225775 0.0732984 0.234496 0.0712042 0.246124 0.0596859 0.250969 0.0376963 0.246124 0.0219895 0.239341 0.0146597 0.227713 0.00732984 0.213178 0.00628272
0 0.193798 0 0.142442 0.00209424 0.155039 0.0188482 0.17345 0.0230366 0.189922 0.0146597
0 0.0775194 0.0376963 0.0765504 0.0554974 0.0804264 0.0659686 0.0930233 0.0743455 0.101744 0.0722513 0.111434 0.0513089 0.111434 0.0429319 0.10562 0.0324607 0.0988372 0.0272251 0.0852713 0.026178
0 0.0978682 0.0879581 0.0988372 0.11623 0.108527 0.119372 0.118217 0.11623 0.123062 0.104712 0.120155 0.0879581 0.11531 0.0837696 0.103682 0.0837696
0 0.136628 0.0712042 0.132752 0.0795812 0.133721 0.0931937 0.140504 0.101571 0.147287 0.102618 0.157946 0.0910995 0.157946 0.0764398 0.148256 0.0659686 0.139535 0.0670157
0 0.166667 0.0973822 0.166667 0.112042 0.178295 0.12356 0.194767 0.122513 0.204457 0.109948 0.203488 0.0973822 0.187016 0.0806283 0.172481 0.0858639
0 0.160853 0.0397906 0.158915 0.0575916 0.162791 0.0659686 0.17345 0.0732984 0.182171 0.0712042 0.188953 0.0565445 0.185078 0.0376963 0.168605 0.0324607
0 0.125969 0.0209424 0.122093 0.0293194 0.125 0.0471204 0.132752 0.0544503 0.142442 0.0534031 0.151163 0.0429319 0.148256 0.026178 0.136628 0.017801
0 0.290698 0 0.247093 0.00209424 0.254845 0.0167539 0.274225 0.0219895 0.282946 0.017801
0 0.0949612 0 0.0717054 0.00209424 0.0755814 0.0115183 0.0823643 0.0146597 0.0920543 0.00732984
0 0.281977 0.107853 0.27907 0.11623 0.281008 0.128796 0.292636 0.14555 0.311047 0.14555 0.319767 0.139267 0.324612 0.11623 0.317829 0.101571 0.295543 0.0942408
0 0.29845 0 0.297481 0.0115183 0.301357 0.0219895 0.320736 0.0314136 0.333333 0.0272251 0.342054 0.0115183 0.340116 0
0 0.35562 0 0.356589 0.0167539 0.370155 0.0282723 0.382752 0.0251309 0.391473 0.0125654 0.392442 0
0 0.361434 0.0513089 0.360465 0.0732984 0.366279 0.0858639 0.390504 0.0942408 0.407946 0.0848168 0.411822 0.0638743 0.405039 0.0471204 0.396318 0.0387435 0.375 0.0376963
0 0.320736 0.0471204 0.320736 0.0638743 0.329457 0.0743455 0.340116 0.0753927 0.348837 0.0659686 0.350775 0.052356 0.339147 0.0397906 0.327519 0.0397906
0 0.332364 0.0910995 0.330426 0.101571 0.340116 0.11623 0.357558 0.108901 0.363372 0.101571 0.361434 0.0910995 0.351744 0.0837696 0.337209 0.0858639
0 0.418605 0.0324607 0.417636 0.0460733 0.42345 0.0691099 0.437984 0.0795812 0.454457 0.078534 0.466085 0.0534031 0.462209 0.0293194 0.457364 0.0219895 0.449612 0.0146597 0.435078 0.0136126 0.421512 0.0230366
0 0.468992 0.0136126 0.469961 0.0366492 0.476744 0.052356 0.487403 0.060733 0.501938 0.0628272 0.507752 0.0534031 0.50969 0.0324607 0.499031 0.00418848 0.494186 0 0.476744 0
0 0.440891 0.106806 0.440891 0.119372 0.457364 0.141361 0.473837 0.14555 0.484496 0.139267 0.49031 0.119372 0.476744 0.0910995 0.462209 0.0858639 0.452519 0.0879581
0 0.49031 0.0848168 0.49031 0.104712 0.497093 0.119372 0.50969 0.124607 0.517442 0.124607 0.524225 0.119372 0.526163 0.0973822 0.517442 0.0764398 0.503876 0.0701571
0 0.388566 0.125654 0.386628 0.142408 0.398256 0.156021 0.421512 0.162304 0.435078 0.15288 0.438953 0.134031 0.434109 0.119372 0.421512 0.106806 0.406977 0.104712 0.397287 0.107853
0 0.41376 0.180105 0.412791 0.198953 0.421512 0.213613 0.44186 0.21466 0.45155 0.208377 0.454457 0.18534 0.448643 0.173822 0.43314 0.167539 0.420543 0.171728
0 0.371124 0.171728 0.370155 0.188482 0.387597 0.198953 0.393411 0.198953 0.40407 0.184293 0.401163 0.169634 0.393411 0.162304 0.380814 0.161257
0 0.382752 0.216754 0.381783 0.235602 0.387597 0.241885 0.405039 0.24712 0.414729 0.240838 0.416667 0.218848 0.411822 0.212565 0.393411 0.208377
0 0.337209 0.232461 0.339147 0.253403 0.343023 0.259686 0.362403 0.263874 0.371124 0.257592 0.374031 0.236649 0.368217 0.227225 0.349806 0.224084
0 0.27907 0.26911 0.27907 0.296335 0.285853 0.310995 0.294574 0.318325 0.305233 0.32356 0.317829 0.32356 0.33624 0.313089 0.342054 0.28377 0.328488 0.259686 0.320736 0.25445 0.300388 0.252356 0.292636 0.25445
0 0.233527 0.26178 0.232558 0.27644 0.24031 0.287958 0.252907 0.290052 0.262597 0.282723 0.264535 0.270157 0.25969 0.260733 0.244186 0.256545
0 0.242248 0.164398 0.24031 0.183246 0.250969 0.193717 0.258721 0.193717 0.267442 0.181152 0.265504 0.166492 0.254845 0.156021
0 0.281008 0.165445 0.281008 0.186387 0.294574 0.194764 0.301357 0.19267 0.311047 0.175916 0.30814 0.161257 0.302326 0.157068 0.290698 0.157068
0 0.295543 0.20733 0.292636 0.228272 0.296512 0.236649 0.303295 0.240838 0.319767 0.238743 0.327519 0.226178 0.321705 0.205236 0.312016 0.202094
0 0.331395 0.189529 0.330426 0.201047 0.339147 0.213613 0.348837 0.216754 0.359496 0.209424 0.362403 0.18534 0.342054 0.181152
0 0.315891 0.153927 0.313953 0.164398 0.320736 0.174869 0.33624 0.175916 0.34593 0.161257 0.341085 0.148691 0.328488 0.143455
0 0.253876 0.305759 0.24031 0.320419 0.241279 0.334031 0.255814 0.346597 0.268411 0.34555 0.277132 0.337173 0.277132 0.319372 0.263566 0.305759
0 0.287791 0.347644 0.290698 0.372775 0.302326 0.386387 0.312984 0.387435 0.329457 0.379058 0.332364 0.362304 0.324612 0.342408 0.299419 0.337173
0 0.246124 0.367539 0.247093 0.37801 0.257752 0.390576 0.272287 0.394764 0.27907 0.388482 0.27907 0.371728 0.267442 0.359162 0.250969 0.359162
0 0.339147 0.33089 0.340116 0.351832 0.352713 0.362304 0.368217 0.364398 0.382752 0.347644 0.379845 0.332984 0.366279 0.320419 0.350775 0.320419
0 0.396318 0.322513 0.393411 0.331937 0.396318 0.351832 0.420543 0.362304 0.43314 0.361257 0.442829 0.351832 0.44186 0.335079 0.431202 0.313089 0.410853 0.309948
0 0.358527 0.278534 0.35562 0.297382 0.364341 0.310995 0.380814 0.312042 0.397287 0.296335 0.39438 0.281675 0.383721 0.274346 0.36531 0.272251
0 0.407946 0.265969 0.409884 0.284817 0.430233 0.299476 0.445736 0.298429 0.455426 0.285864 0.456395 0.26911 0.442829 0.251309 0.42345 0.24712
0 0.447674 0.224084 0.447674 0.239791 0.454457 0.250262 0.469961 0.255497 0.48062 0.24712 0.483527 0.233508 0.475775 0.218848 0.456395 0.216754
0 0.465116 0.167539 0.466085 0.186387 0.471899 0.19267 0.476744 0.209424 0.486434 0.215707 0.501938 0.213613 0.511628 0.196859 0.515504 0.179058 0.504845 0.156021 0.491279 0.149738 0.475775 0.151832
0 0.512597 0.140314 0.511628 0.153927 0.518411 0.168586 0.531977 0.174869 0.539729 0.172775 0.543605 0.166492 0.543605 0.150785 0.53876 0.136126 0.524225 0.129843 0.517442 0.131937
0 0.514535 0.217801 0.515504 0.240838 0.530039 0.259686 0.540698 0.263874 0.55814 0.260733 0.561047 0.230366 0.550388 0.21466 0.541667 0.208377 0.52907 0.20733 0.51938 0.210471
0 0.488372 0.260733 0.487403 0.278534 0.494186 0.291099 0.507752 0.297382 0.522287 0.293194 0.526163 0.270157 0.515504 0.255497 0.5 0.250262
0 0.559109 0.284817 0.559109 0.296335 0.568798 0.303665 0.573643 0.319372 0.592054 0.322513 0.601744 0.319372 0.60562 0.296335 0.593992 0.277487 0.587209 0.272251 0.572674 0.271204 0.562984 0.275393
0 0.545543 0.183246 0.545543 0.198953 0.551357 0.204188 0.561047 0.204188 0.563953 0.193717 0.559109 0.181152 0.549419 0.17801
0 0.472868 0.336126 0.472868 0.353927 0.488372 0.364398 0.504845 0.362304 0.512597 0.356021 0.511628 0.335079 0.504845 0.325654 0.484496 0.321466
0 0.49031 0.375916 0.492248 0.4 0.505814 0.412565 0.51938 0.411518 0.525194 0.402094 0.51938 0.374869 0.511628 0.369634 0.496124 0.369634
0 0.457364 0.417801 0.454457 0.434555 0.458333 0.446073 0.47093 0.46178 0.478682 0.465969 0.493217 0.465969 0.505814 0.457592 0.50969 0.437696 0.493217 0.410471 0.483527 0.404188 0.474806 0.404188
0 0.39438 0.413613 0.400194 0.439791 0.418605 0.452356 0.436047 0.453403 0.440891 0.428272 0.43314 0.405236 0.401163 0.403141
0 0.340116 0.386387 0.342054 0.40733 0.35562 0.42199 0.369186 0.42199 0.383721 0.408377 0.38469 0.395812 0.371124 0.379058 0.351744 0.375916
0 0.321705 0.443979 0.323643 0.464921 0.338178 0.477487 0.354651 0.478534 0.367248 0.463874 0.364341 0.440838 0.351744 0.432461 0.334302 0.430366
0 0.254845 0.443979 0.253876 0.449215 0.260659 0.459686 0.277132 0.46178 0.27907 0.448168 0.275194 0.438743 0.265504 0.436649
0 0.337209 0.494241 0.33624 0.507853 0.34593 0.526702 0.357558 0.534031 0.370155 0.532984 0.375 0.51623 0.366279 0.495288 0.349806 0.490052
0 0.297481 0.509948 0.296512 0.526702 0.305233 0.540314 0.31686 0.548691 0.327519 0.546597 0.331395 0.534031 0.321705 0.510995 0.305233 0.506806
0 0.340116 0.55288 0.341085 0.567539 0.347868 0.57801 0.358527 0.584293 0.370155 0.580105 0.373062 0.569634 0.36531 0.551832 0.347868 0.546597
0 0.385659 0.500524 0.386628 0.51623 0.396318 0.535079 0.424419 0.53822 0.432171 0.531937 0.43314 0.508901 0.417636 0.491099 0.397287 0.490052
0 0.381783 0.455497 0.382752 0.470157 0.391473 0.479581 0.397287 0.482723 0.41376 0.479581 0.415698 0.463874 0.406977 0.452356 0.393411 0.445026
0 0.544574 0.373822 0.545543 0.397906 0.560078 0.417801 0.581395 0.420942 0.596899 0.410471 0.598837 0.38534 0.58624 0.361257 0.567829 0.356021 0.55814 0.358115 0.54845 0.365445
0 0.598837 0.337173 0.594961 0.357068 0.604651 0.373822 0.623062 0.381152 0.635659 0.380105 0.639535 0.358115 0.629845 0.340314 0.610465 0.332984
0 0.518411 0.312042 0.522287 0.33089 0.531977 0.339267 0.546512 0.348691 0.557171 0.343455 0.560078 0.326702 0.543605 0.303665 0.531977 0.300524 0.522287 0.304712
0 0.643411 0.403141 0.641473 0.413613 0.656977 0.432461 0.671512 0.434555 0.680233 0.427225 0.679264 0.410471 0.662791 0.39267 0.65407 0.390576
0 0.600775 0.430366 0.600775 0.45445 0.621124 0.474346 0.642442 0.47644 0.652132 0.465969 0.652132 0.441885 0.633721 0.420942 0.609496 0.417801
0 0.65407 0.491099 0.65407 0.501571 0.664729 0.514136 0.678295 0.51623 0.686047 0.512042 0.687984 0.496335 0.677326 0.478534 0.668605 0.47644
0 0.695736 0.522513 0.695736 0.542408 0.70155 0.550785 0.724806 0.550785 0.732558 0.54555 0.736434 0.522513 0.726744 0.509948 0.704457 0.512042
0 0.689922 0.445026 0.689922 0.467016 0.703488 0.48377 0.733527 0.493194 0.748062 0.480628 0.753876 0.452356 0.749031 0.441885 0.736434 0.431414 0.710271 0.428272 0.695736 0.435602
0 0.612403 0.522513 0.610465 0.543455 0.622093 0.563351 0.636628 0.569634 0.65407 0.558115 0.659884 0.532984 0.643411 0.508901 0.628876 0.506806
0 0.564922 0.470157 0.565891 0.491099 0.574612 0.503665 0.599806 0.506806 0.612403 0.498429 0.613372 0.48377 0.59593 0.457592 0.575581 0.455497
0 0.585271 0.588482 0.584302 0.601047 0.596899 0.623037 0.612403 0.624084 0.626938 0.612565 0.627907 0.594764 0.614341 0.572775 0.596899 0.571728 0.589147 0.57801
0 0.505814 0.598953 0.505814 0.617801 0.524225 0.640838 0.550388 0.648168 0.564922 0.643979 0.571705 0.637696 0.571705 0.608377 0.561047 0.589529 0.550388 0.580105 0.535853 0.57801 0.522287 0.581152
0 0.481589 0.55288 0.481589 0.565445 0.487403 0.574869 0.494186 0.579058 0.505814 0.575916 0.510659 0.558115 0.504845 0.547644 0.49031 0.544503
0 0.437016 0.537173 0.435078 0.550785 0.437984 0.559162 0.452519 0.574869 0.466085 0.573822 0.47093 0.557068 0.465116 0.542408 0.452519 0.532984
0 0.442829 0.478534 0.445736 0.506806 0.45155 0.519372 0.468023 0.53089 0.483527 0.528796 0.495155 0.507853 0.487403 0.48377 0.460271 0.46911 0.445736 0.46911
0 0.416667 0.572775 0.416667 0.584293 0.422481 0.591623 0.431202 0.6 0.438953 0.598953 0.442829 0.589529 0.438953 0.574869 0.425388 0.567539
0 0.375 0.594764 0.375 0.611518 0.38469 0.628272 0.403101 0.642932 0.414729 0.640838 0.422481 0.629319 0.42345 0.618848 0.410853 0.593717 0.399225 0.584293 0.388566 0.583246
0 0.268411 0.54555 0.268411 0.559162 0.277132 0.569634 0.289729 0.569634 0.302326 0.558115 0.301357 0.544503 0.289729 0.531937 0.27907 0.531937
0 0.299419 0.570681 0.300388 0.586387 0.312016 0.596859 0.320736 0.595812 0.330426 0.584293 0.330426 0.568586 0.324612 0.558115 0.307171 0.560209
0 0.324612 0.602094 0.32655 0.616754 0.340116 0.626178 0.351744 0.625131 0.362403 0.615707 0.359496 0.598953 0.342054 0.588482 0.335271 0.588482
0 0.637597 0.325654 0.636628 0.335079 0.649225 0.349738 0.665698 0.35288 0.672481 0.347644 0.669574 0.33089 0.655039 0.317277 0.64438 0.315183
0 0.67345 0.364398 0.672481 0.383246 0.684109 0.39267 0.689922 0.393717 0.703488 0.38534 0.705426 0.376963 0.694767 0.360209 0.685078 0.357068
0 0.61531 0.284817 0.614341 0.295288 0.618217 0.303665 0.63469 0.306806 0.633721 0.295288 0.623062 0.284817
0 0.717054 0.393717 0.717054 0.40733 0.721899 0.416754 0.735465 0.417801 0.741279 0.413613 0.743217 0.406283 0.737403 0.396859 0.726744 0.389529
0 0.770349 0.473298 0.767442 0.497382 0.775194 0.509948 0.796512 0.515183 0.809109 0.506806 0.812984 0.489005 0.803295 0.473298 0.787791 0.465969
0 0.837209 0.491099 0.837209 0.506806 0.843992 0.521466 0.851744 0.527749 0.875969 0.528796 0.892442 0.514136 0.893411 0.507853 0.888566 0.498429 0.870155 0.48377 0.850775 0.481675 0.838178 0.486911
0 0.838178 0.549738 0.838178 0.564398 0.843992 0.576963 0.854651 0.582199 0.873062 0.583246 0.883721 0.568586 0.885659 0.55288 0.876938 0.541361 0.854651 0.53822
0 0.821705 0.61466 0.820736 0.629319 0.824612 0.639791 0.831395 0.648168 0.844961 0.653403 0.870155 0.646073 0.881783 0.626178 0.876938 0.602094 0.856589 0.590576 0.833333 0.594764 0.824612 0.604188
0 0.901163 0.612565 0.898256 0.632461 0.908915 0.649215 0.921512 0.653403 0.936047 0.652356 0.947674 0.645026 0.953488 0.623037 0.935078 0.601047 0.919574 0.596859 0.908915 0.602094
0 0.895349 0.675393 0.896318 0.699476 0.91376 0.709948 0.931202 0.707853 0.942829 0.686911 0.94186 0.672251 0.932171 0.664921 0.907946 0.662827
0 0.630814 0.619895 0.631783 0.637696 0.639535 0.64712 0.661822 0.653403 0.675388 0.642932 0.676357 0.629319 0.670543 0.615707 0.664729 0.611518 0.640504 0.60733
0 0.659884 0.678534 0.660853 0.694241 0.674419 0.712042 0.703488 0.71623 0.718992 0.701571 0.719961 0.694241 0.714147 0.680628 0.706395 0.668063 0.698643 0.663874 0.689922 0.66178 0.670543 0.668063
0 0.731589 0.706806 0.735465 0.724607 0.755814 0.737173 0.76938 0.737173 0.781977 0.72356 0.780039 0.713089 0.761628 0.696335 0.747093 0.694241
0 0.695736 0.736126 0.695736 0.754974 0.710271 0.768586 0.728682 0.769634 0.741279 0.757068 0.739341 0.744503 0.729651 0.732984 0.715116 0.727749
0 0.638566 0.725654 0.636628 0.744503 0.647287 0.760209 0.657946 0.765445 0.670543 0.765445 0.677326 0.760209 0.682171 0.740314 0.676357 0.732984 0.65407 0.719372
0 0.583333 0.731937 0.580426 0.753927 0.587209 0.767539 0.604651 0.773822 0.621124 0.769634 0.625969 0.748691 0.61531 0.726702 0.597868 0.719372
0 0.551357 0.706806 0.551357 0.720419 0.556202 0.732984 0.561047 0.736126 0.575581 0.727749 0.577519 0.710995 0.571705 0.703665 0.559109 0.701571
0 0.52907 0.659686 0.527132 0.674346 0.534884 0.685864 0.546512 0.692147 0.561047 0.685864 0.562984 0.66911 0.55814 0.660733 0.541667 0.655497
0 0.484496 0.641885 0.484496 0.65445 0.496124 0.672251 0.508721 0.674346 0.515504 0.66911 0.518411 0.657592 0.510659 0.642932 0.495155 0.635602
0 0.453488 0.664921 0.452519 0.678534 0.459302 0.694241 0.466085 0.700524 0.482558 0.699476 0.487403 0.689005 0.482558 0.670157 0.472868 0.66178
0 0.495155 0.695288 0.491279 0.712042 0.497093 0.734031 0.514535 0.744503 0.530039 0.743455 0.539729 0.725654 0.539729 0.708901 0.532946 0.696335 0.516473 0.685864 0.502907 0.687958
0 0.346899 0.632461 0.346899 0.642932 0.358527 0.653403 0.377907 0.656545 0.386628 0.64712 0.377907 0.629319 0.369186 0.623037 0.362403 0.623037
0 0.448643 0.724607 0.445736 0.729843 0.448643 0.73822 0.466085 0.758115 0.477713 0.754974 0.488372 0.73822 0.483527 0.71623 0.47093 0.709948 0.459302 0.708901
0 0.476744 0.763351 0.48062 0.77801 0.497093 0.793717 0.513566 0.784293 0.523256 0.768586 0.518411 0.75288 0.494186 0.744503
0 0.421512 0.681675 0.418605 0.696335 0.438953 0.725654 0.453488 0.709948 0.452519 0.692147 0.438953 0.677487 0.425388 0.677487
0 0.389535 0.657592 0.388566 0.671204 0.39438 0.685864 0.402132 0.693194 0.409884 0.692147 0.417636 0.678534 0.41376 0.66178 0.400194 0.652356
0 0.420543 0.651309 0.419574 0.660733 0.424419 0.66911 0.439922 0.668063 0.443798 0.658639 0.439922 0.650262 0.426357 0.64712
0 0.469961 0.584293 0.468992 0.603141 0.473837 0.609424 0.484496 0.609424 0.494186 0.604188 0.494186 0.593717 0.489341 0.58534 0.48062 0.580105
0 0.875 0.773822 0.874031 0.78534 0.877907 0.794764 0.900194 0.802094 0.919574 0.8 0.931202 0.776963 0.927326 0.765445 0.907946 0.757068 0.888566 0.759162 0.879845 0.764398
0 0.918605 0.734031 0.916667 0.748691 0.928295 0.758115 0.952519 0.760209 0.966085 0.753927 0.97093 0.74555 0.97093 0.727749 0.960271 0.713089 0.929264 0.719372
0 0.971899 0.61466 0.966085 0.626178 0.969961 0.64712 0.986434 0.660733 0.999031 0.660733 0.999031 0.603141 0.983527 0.605236
0 0.968023 0.560209 0.968023 0.573822 0.979651 0.590576 0.999031 0.590576 0.999031 0.542408 0.976744 0.542408
0 0.966085 0.503665 0.967054 0.518325 0.973837 0.527749 0.999031 0.532984 0.999031 0.489005 0.974806 0.492147
0 0.908915 0.504712 0.903101 0.510995 0.90407 0.517277 0.927326 0.536126 0.936047 0.534031 0.949612 0.518325 0.949612 0.507853 0.932171 0.498429 0.917636 0.499476
0 0.751938 0.418848 0.750969 0.426178 0.757752 0.434555 0.774225 0.439791 0.780039 0.437696 0.780039 0.428272 0.773256 0.419895 0.75969 0.41466
0 0.78876 0.445026 0.789729 0.459686 0.802326 0.465969 0.812016 0.462827 0.813953 0.452356 0.807171 0.442932 0.795543 0.439791
0 0.944767 0.773822 0.946705 0.788482 0.963178 0.8 0.979651 0.796859 0.992248 0.78534 0.99031 0.771728 0.979651 0.761257 0.954457 0.765445
0 0.981589 0.72356 0.979651 0.741361 0.999031 0.762304 0.999031 0.707853
0 0.95155 0.817801 0.955426 0.829319 0.976744 0.832461 0.985465 0.824084 0.986434 0.810471 0.981589 0.805236 0.965116 0.805236
0 0.897287 0.826178 0.895349 0.834555 0.900194 0.84712 0.916667 0.856545 0.929264 0.852356 0.937984 0.835602 0.934109 0.823037 0.925388 0.817801 0.906977 0.817801
0 0.946705 0.856545 0.943798 0.865969 0.952519 0.874346 0.963178 0.873298 0.971899 0.862827 0.965116 0.855497
0 0.90407 0.915183 0.895349 0.94555 0.907946 0.957068 0.917636 0.960209 0.94186 0.958115 0.953488 0.949738 0.96124 0.936126 0.959302 0.921466 0.943798 0.909948 0.917636 0.907853
0 0.806202 0.878534 0.804264 0.894241 0.812016 0.903665 0.83624 0.908901 0.851744 0.899476 0.849806 0.88377 0.837209 0.870157 0.821705 0.868063
0 0.742248 0.86178 0.743217 0.875393 0.755814 0.886911 0.784884 0.892147 0.793605 0.886911 0.797481 0.87644 0.796512 0.862827 0.780039 0.848168 0.754845 0.84712
0 0.698643 0.828272 0.698643 0.843979 0.713178 0.856545 0.729651 0.858639 0.744186 0.843979 0.741279 0.829319 0.721899 0.818848 0.710271 0.818848
0 0.626938 0.77801 0.625969 0.79267 0.63469 0.802094 0.646318 0.805236 0.657946 0.797906 0.657946 0.786387 0.649225 0.774869 0.63469 0.772775
0 0.537791 0.770681 0.536822 0.782199 0.549419 0.790576 0.560078 0.789529 0.569767 0.775916 0.560078 0.764398 0.545543 0.764398
0 0.76938 0.766492 0.768411 0.779058 0.774225 0.789529 0.789729 0.79267 0.797481 0.788482 0.800388 0.772775 0.794574 0.758115 0.77907 0.754974
0 0.802326 0.803141 0.800388 0.811518 0.809109 0.82199 0.822674 0.820942 0.831395 0.81466 0.830426 0.806283 0.822674 0.798953 0.813953 0.796859
0 0.850775 0.848168 0.849806 0.865969 0.861434 0.87644 0.876938 0.879581 0.887597 0.872251 0.886628 0.858639 0.876938 0.848168 0.869186 0.845026
0 0.903101 0.875393 0.902132 0.890052 0.907946 0.895288 0.926357 0.896335 0.934109 0.891099 0.934109 0.881675 0.925388 0.872251 0.910853 0.871204
0 0.722868 0.783246 0.721899 0.796859 0.729651 0.804188 0.742248 0.805236 0.751938 0.796859 0.748062 0.781152 0.731589 0.77801
0 0.682171 0.775916 0.685078 0.79267 0.693798 0.793717 0.705426 0.784293 0.699612 0.772775 0.688953 0.771728
0 0.695736 0.879581 0.695736 0.893194 0.705426 0.904712 0.731589 0.910995 0.739341 0.900524 0.739341 0.88377 0.726744 0.870157 0.706395 0.86911
0 0.661822 0.845026 0.660853 0.852356 0.668605 0.865969 0.686047 0.86911 0.692829 0.863874 0.692829 0.851309 0.681202 0.837696 0.667636 0.837696
0 0.982558 0.874346 0.983527 0.885864 0.999031 0.894241 0.999031 0.864921
0 0.971899 0.912042 0.975775 0.924607 0.99031 0.928796 0.999031 0.926702 0.999031 0.908901 0.983527 0.905759
0 0.756783 0.815707 0.754845 0.825131 0.762597 0.834555 0.781977 0.835602 0.791667 0.825131 0.790698 0.816754 0.780039 0.808377 0.768411 0.808377
