0 0.9931640625 0.895933014354067 0.9765625 0.9019138755980861 0.970703125 0.9138755980861244 0.9755859375 0.9330143540669856 0.98828125 0.9425837320574163 0.9990234375 0.9401913875598086 0.9990234375 0.8971291866028708 0.9951171875 0.895933014354067
0 0.9482421875 0.888755980861244 0.935546875 0.8971291866028708 0.93359375 0.9126794258373205 0.9423828125 0.9234449760765551 0.9609375 0.9246411483253588 0.9658203125 0.916267942583732 0.96484375 0.90311004784689 0.9560546875 0.8911483253588517 0.94921875 0.888755980861244
0 0.9052734375 0.8696172248803827 0.896484375 0.8720095693779905 0.8896484375 0.8791866028708134 0.888671875 0.895933014354067 0.896484375 0.9090909090909091 0.9150390625 0.9126794258373205 0.92578125 0.90311004784689 0.927734375 0.888755980861244 0.91796875 0.8720095693779905 0.9111328125 0.8696172248803827
0 0.904296875 0.8253588516746412 0.8935546875 0.833732057416268 0.8916015625 0.8516746411483254 0.8955078125 0.8600478468899522 0.9140625 0.861244019138756 0.921875 0.8552631578947368 0.92578125 0.8409090909090909 0.919921875 0.8301435406698564 0.9052734375 0.8253588516746412
0 0.8388671875 0.854066985645933 0.830078125 0.8624401913875598 0.8291015625 0.8732057416267942 0.837890625 0.8863636363636364 0.8505859375 0.888755980861244 0.859375 0.8779904306220095 0.8603515625 0.8660287081339713 0.85546875 0.8576555023923444 0.84765625 0.854066985645933
0 0.8671875 0.881578947368421 0.8623046875 0.8851674641148325 0.861328125 0.8971291866028708 0.865234375 0.9043062200956937 0.8720703125 0.9066985645933014 0.8828125 0.8995215311004785 0.8837890625 0.8911483253588517 0.87109375 0.881578947368421
0 0.9345703125 0.8576555023923444 0.9296875 0.8696172248803827 0.931640625 0.881578947368421 0.935546875 0.8863636363636364 0.94921875 0.881578947368421 0.955078125 0.8708133971291866 0.953125 0.8624401913875598 0.9404296875 0.8576555023923444
0 0.9658203125 0.7296650717703349 0.955078125 0.7368421052631579 0.953125 0.7595693779904307 0.9638671875 0.7763157894736842 0.978515625 0.7799043062200957 0.9853515625 0.7727272727272727 0.98828125 0.7607655502392344 0.9814453125 0.7392344497607656 0.970703125 0.7296650717703349
0 0.9248046875 0.7117224880382775 0.90625 0.7165071770334929 0.8984375 0.722488038277512 0.89453125 0.7464114832535885 0.8994140625 0.7535885167464115 0.9130859375 0.7607655502392344 0.9208984375 0.7595693779904307 0.9267578125 0.7535885167464115 0.931640625 0.7248803827751196 0.92578125 0.7129186602870813
0 0.8349609375 0.7679425837320574 0.8271484375 0.7739234449760766 0.8232421875 0.784688995215311 0.8232421875 0.7966507177033493 0.828125 0.8026315789473685 0.8388671875 0.8014354066985646 0.8447265625 0.7954545454545454 0.8447265625 0.7751196172248804 0.841796875 0.7703349282296651 0.8359375 0.7691387559808612
0 0.869140625 0.7452153110047847 0.859375 0.7476076555023924 0.853515625 0.7547846889952153 0.85546875 0.7691387559808612 0.865234375 0.7787081339712919 0.875 0.7751196172248804 0.87890625 0.7619617224880383 0.8759765625 0.75 0.8701171875 0.7464114832535885
0 0.8349609375 0.7188995215311005 0.8173828125 0.7260765550239234 0.8134765625 0.7332535885167464 0.8173828125 0.75 0.828125 0.7583732057416268 0.837890625 0.757177033492823 0.8466796875 0.742822966507177 0.845703125 0.7260765550239234 0.837890625 0.7188995215311005
0 0.78515625 0.7057416267942583 0.77734375 0.7117224880382775 0.775390625 0.7284688995215312 0.7822265625 0.742822966507177 0.7890625 0.7488038277511961 0.802734375 0.7404306220095693 0.80859375 0.7308612440191388 0.8037109375 0.715311004784689 0.79296875 0.7057416267942583
0 0.748046875 0.7452153110047847 0.7431640625 0.7523923444976076 0.7412109375 0.7751196172248804 0.7529296875 0.7858851674641149 0.7626953125 0.7858851674641149 0.7685546875 0.7822966507177034 0.7705078125 0.7667464114832536 0.7548828125 0.7452153110047847
0 0.8056640625 0.833732057416268 0.7958984375 0.8456937799043063 0.7958984375 0.8588516746411483 0.8037109375 0.8696172248803827 0.8154296875 0.8720095693779905 0.82421875 0.8660287081339713 0.826171875 0.8516746411483254 0.822265625 0.8421052631578947 0.80859375 0.833732057416268
0 0.77783203125 0.8289473684210527 0.767578125 0.8313397129186603 0.7646484375 0.8373205741626795 0.765625 0.8480861244019139 0.7763671875 0.8552631578947368 0.7861328125 0.854066985645933 0.7890625 0.8492822966507177 0.7900390625 0.8349282296650717 0.7841796875 0.8289473684210527
0 0.7373046875 0.8098086124401914 0.7275390625 0.8217703349282297 0.7275390625 0.8385167464114832 0.73828125 0.8528708133971292 0.75390625 0.8528708133971292 0.7587890625 0.84688995215311 0.7587890625 0.8229665071770335 0.751953125 0.8145933014354066 0.7392578125 0.8098086124401914
0 0.701171875 0.8026315789473685 0.6962890625 0.8098086124401914 0.69921875 0.8301435406698564 0.708984375 0.8385167464114832 0.716796875 0.8361244019138756 0.720703125 0.8301435406698564 0.7216796875 0.812200956937799 0.7138671875 0.8038277511961722 0.7041015625 0.8026315789473685
0 0.6611328125 0.7643540669856459 0.6533203125 0.7679425837320574 0.6513671875 0.7727272727272727 0.650390625 0.7954545454545454 0.6572265625 0.80622009569378 0.669921875 0.80622009569378 0.6806640625 0.7966507177033493 0.68359375 0.7882775119617225 0.6826171875 0.7763157894736842 0.6728515625 0.7643540669856459 0.662109375 0.7655502392344498
0 0.619140625 0.7356459330143541 0.611328125 0.7440191387559809 0.611328125 0.7583732057416268 0.6181640625 0.7691387559808612 0.626953125 0.7715311004784688 0.6337890625 0.7667464114832536 0.63671875 0.75 0.6279296875 0.7392344497607656 0.6201171875 0.7368421052631579
0 0.6845703125 0.7260765550239234 0.6728515625 0.7380382775119617 0.673828125 0.7535885167464115 0.6845703125 0.7619617224880383 0.6943359375 0.7559808612440191 0.6982421875 0.7488038277511961 0.6982421875 0.7356459330143541 0.689453125 0.7260765550239234
0 0.69921875 0.7667464114832536 0.693359375 0.7715311004784688 0.6904296875 0.7811004784688995 0.6904296875 0.7858851674641149 0.697265625 0.7918660287081339 0.7109375 0.7858851674641149 0.7099609375 0.7739234449760766 0.7021484375 0.7667464114832536
0 0.72119140625 0.7320574162679426 0.7119140625 0.7356459330143541 0.7080078125 0.7488038277511961 0.708984375 0.7583732057416268 0.7158203125 0.7679425837320574 0.72265625 0.7679425837320574 0.7255859375 0.7631578947368421 0.7294921875 0.7416267942583732 0.7265625 0.7320574162679426
0 0.7236328125 0.7763157894736842 0.7197265625 0.7918660287081339 0.7294921875 0.8026315789473685 0.7353515625 0.7990430622009569 0.73828125 0.7906698564593302 0.7373046875 0.7822966507177034 0.7314453125 0.7763157894736842
0 0.7685546875 0.7930622009569378 0.7607421875 0.8074162679425837 0.76171875 0.8157894736842105 0.765625 0.819377990430622 0.77734375 0.8169856459330144 0.783203125 0.8086124401913876 0.783203125 0.8014354066985646 0.7744140625 0.7930622009569378
0 0.798828125 0.7667464114832536 0.7919921875 0.7691387559808612 0.7861328125 0.7811004784688995 0.7880859375 0.7882775119617225 0.798828125 0.7966507177033493 0.8076171875 0.7942583732057417 0.8115234375 0.7882775119617225 0.810546875 0.7739234449760766 0.8017578125 0.7667464114832536
0 0.8330078125 0.8205741626794258 0.828125 0.8289473684210527 0.8291015625 0.8385167464114832 0.837890625 0.8456937799043063 0.849609375 0.8373205741626795 0.84765625 0.8277511961722488 0.83984375 0.8205741626794258
0 0.7431640625 0.6889952153110048 0.734375 0.6961722488038278 0.73046875 0.7177033492822966 0.73828125 0.7320574162679426 0.7470703125 0.7344497607655502 0.755859375 0.7296650717703349 0.759765625 0.7129186602870813 0.7587890625 0.6985645933014354 0.7509765625 0.6889952153110048
0 0.708984375 0.6782296650717703 0.697265625 0.6866028708133971 0.6923828125 0.6997607655502392 0.6923828125 0.715311004784689 0.701171875 0.7236842105263158 0.7109375 0.7236842105263158 0.716796875 0.7141148325358851 0.7216796875 0.6889952153110048 0.7138671875 0.6782296650717703
0 0.66552734375 0.6698564593301436 0.65625 0.6710526315789473 0.65234375 0.6758373205741627 0.6455078125 0.6997607655502392 0.6484375 0.7177033492822966 0.6630859375 0.7284688995215312 0.6708984375 0.7260765550239234 0.6767578125 0.7188995215311005 0.6845703125 0.7009569377990431 0.6845703125 0.6854066985645934 0.6787109375 0.6746411483253588 0.671875 0.6698564593301436
0 0.6865234375 0.6160287081339713 0.681640625 0.6196172248803827 0.6748046875 0.6339712918660287 0.6728515625 0.65311004784689 0.6796875 0.6674641148325359 0.6982421875 0.6758373205741627 0.708984375 0.6638755980861244 0.7099609375 0.6519138755980861 0.7060546875 0.6267942583732058 0.7001953125 0.6196172248803827 0.69140625 0.6160287081339713
0 0.625 0.69377990430622 0.615234375 0.7057416267942583 0.6171875 0.7272727272727273 0.623046875 0.7308612440191388 0.6328125 0.7272727272727273 0.6396484375 0.7117224880382775 0.6376953125 0.6997607655502392 0.630859375 0.69377990430622
0 0.6435546875 0.7212918660287081 0.63671875 0.7308612440191388 0.6396484375 0.7440191387559809 0.6435546875 0.7464114832535885 0.6513671875 0.7404306220095693 0.65234375 0.7344497607655502 0.6494140625 0.7260765550239234 0.64453125 0.722488038277512
0 0.72265625 0.6160287081339713 0.7119140625 0.6255980861244019 0.7119140625 0.6399521531100478 0.720703125 0.6602870813397129 0.7431640625 0.6566985645933014 0.75390625 0.6423444976076556 0.7451171875 0.6208133971291866 0.7314453125 0.6160287081339713
0 0.76171875 0.6483253588516746 0.755859375 0.6555023923444976 0.7568359375 0.680622009569378 0.767578125 0.6961722488038278 0.779296875 0.6973684210526315 0.7890625 0.6866028708133971 0.79296875 0.6710526315789473 0.7822265625 0.65311004784689 0.76953125 0.6483253588516746
0 0.740234375 0.6602870813397129 0.72265625 0.6674641148325359 0.720703125 0.6758373205741627 0.73046875 0.6842105263157895 0.7421875 0.6818181818181818 0.7470703125 0.6698564593301436 0.7451171875 0.6602870813397129
0 0.818359375 0.6638755980861244 0.806640625 0.6722488038277512 0.8037109375 0.6961722488038278 0.8095703125 0.7093301435406698 0.8193359375 0.715311004784689 0.8330078125 0.7105263157894737 0.837890625 0.6973684210526315 0.833984375 0.6770334928229665 0.826171875 0.6638755980861244
0 0.85546875 0.6889952153110048 0.84765625 0.6985645933014354 0.84765625 0.7117224880382775 0.8515625 0.7236842105263158 0.861328125 0.7308612440191388 0.873046875 0.7296650717703349 0.880859375 0.7200956937799043 0.876953125 0.6997607655502392 0.8681640625 0.6913875598086124 0.8564453125 0.6889952153110048
0 0.57421875 0.6674641148325359 0.5654296875 0.6746411483253588 0.560546875 0.6854066985645934 0.5654296875 0.7045454545454546 0.5703125 0.7105263157894737 0.5791015625 0.7105263157894737 0.5908203125 0.6985645933014354 0.58984375 0.6746411483253588 0.5810546875 0.6674641148325359
0 0.54345703125 0.6435406698564593 0.537109375 0.6435406698564593 0.52734375 0.65311004784689 0.5283203125 0.6782296650717703 0.533203125 0.6854066985645934 0.54296875 0.6889952153110048 0.5546875 0.6842105263157895 0.5634765625 0.6686602870813397 0.5595703125 0.6495215311004785 0.5498046875 0.6435406698564593
0 0.5966796875 0.5897129186602871 0.58203125 0.5921052631578947 0.572265625 0.6076555023923444 0.576171875 0.6291866028708134 0.5869140625 0.638755980861244 0.59765625 0.6363636363636364 0.60546875 0.6232057416267942 0.609375 0.6028708133971292 0.6015625 0.5897129186602871
0 0.5458984375 0.5992822966507177 0.5341796875 0.6076555023923444 0.533203125 0.6291866028708134 0.5361328125 0.6363636363636364 0.5576171875 0.6375598086124402 0.5654296875 0.6279904306220095 0.5654296875 0.6124401913875598 0.560546875 0.6016746411483254 0.546875 0.5992822966507177
0 0.6357421875 0.6543062200956937 0.625 0.666267942583732 0.625 0.680622009569378 0.6298828125 0.6866028708133971 0.638671875 0.6866028708133971 0.64453125 0.6794258373205742 0.6455078125 0.6602870813397129 0.638671875 0.6543062200956937
0 0.60546875 0.6686602870813397 0.599609375 0.6710526315789473 0.595703125 0.6794258373205742 0.59765625 0.6949760765550239 0.6044921875 0.6985645933014354 0.6123046875 0.6973684210526315 0.6162109375 0.6913875598086124 0.6162109375 0.6746411483253588 0.609375 0.6686602870813397
0 0.63671875 0.5849282296650717 0.625 0.5909090909090909 0.625 0.6160287081339713 0.6298828125 0.6244019138755981 0.64453125 0.6267942583732058 0.65234375 0.6124401913875598 0.6533203125 0.5933014354066986 0.646484375 0.5873205741626795 0.6376953125 0.5861244019138756
0 0.6572265625 0.6267942583732058 0.65234375 0.6291866028708134 0.6474609375 0.6411483253588517 0.6484375 0.6555023923444976 0.6533203125 0.6614832535885168 0.6611328125 0.6602870813397129 0.6650390625 0.6519138755980861 0.6650390625 0.6327751196172249 0.6591796875 0.6291866028708134
0 0.51953125 0.6220095693779905 0.5126953125 0.6267942583732058 0.5087890625 0.638755980861244 0.509765625 0.645933014354067 0.517578125 0.65311004784689 0.5224609375 0.6519138755980861 0.53125 0.6399521531100478 0.5283203125 0.6279904306220095 0.5224609375 0.6220095693779905
0 0.4521484375 0.5885167464114832 0.443359375 0.6004784688995215 0.4443359375 0.6172248803827751 0.4521484375 0.6244019138755981 0.4658203125 0.6232057416267942 0.4736328125 0.6052631578947368 0.4716796875 0.5921052631578947 0.46875 0.5885167464114832 0.453125 0.5885167464114832
0 0.4892578125 0.6052631578947368 0.48046875 0.6076555023923444 0.47265625 0.6208133971291866 0.4755859375 0.6399521531100478 0.4853515625 0.6471291866028708 0.5 0.6423444976076556 0.505859375 0.6267942583732058 0.4990234375 0.6124401913875598 0.4912109375 0.6052631578947368
0 0.4306640625 0.5669856459330144 0.4228515625 0.5717703349282297 0.4208984375 0.5897129186602871 0.4248046875 0.59688995215311 0.435546875 0.6004784688995215 0.4404296875 0.5944976076555024 0.443359375 0.5813397129186603 0.4345703125 0.5669856459330144
0 0.861328125 0.7942583732057417 0.853515625 0.80622009569378 0.8544921875 0.8157894736842105 0.861328125 0.8253588516746412 0.869140625 0.8229665071770335 0.873046875 0.8145933014354066 0.87109375 0.8014354066985646 0.8662109375 0.7942583732057417
0 0.8828125 0.7882775119617225 0.8798828125 0.7954545454545454 0.880859375 0.8086124401913876 0.8857421875 0.8169856459330144 0.8935546875 0.819377990430622 0.8994140625 0.8133971291866029 0.900390625 0.8050239234449761 0.892578125 0.7978468899521531 0.888671875 0.7882775119617225
0 0.79736328125 0.6148325358851675 0.7861328125 0.6160287081339713 0.78125 0.6244019138755981 0.78125 0.6327751196172249 0.7841796875 0.6435406698564593 0.79296875 0.6543062200956937 0.7998046875 0.6566985645933014 0.8095703125 0.65311004784689 0.814453125 0.6447368421052632 0.814453125 0.6244019138755981 0.802734375 0.6148325358851675
0 0.830078125 0.6255980861244019 0.8330078125 0.6471291866028708 0.8466796875 0.6686602870813397 0.861328125 0.6782296650717703 0.869140625 0.6770334928229665 0.8759765625 0.6710526315789473 0.87890625 0.6602870813397129 0.8720703125 0.6399521531100478 0.837890625 0.6255980861244019
0 0.5576171875 0.5514354066985646 0.546875 0.55622009569378 0.5439453125 0.5801435406698564 0.5478515625 0.5897129186602871 0.5595703125 0.5944976076555024 0.5771484375 0.5897129186602871 0.5830078125 0.5753588516746412 0.5810546875 0.5633971291866029 0.56640625 0.5514354066985646
0 0.45703125 0.5394736842105263 0.4501953125 0.5430622009569378 0.443359375 0.55622009569378 0.4453125 0.5729665071770335 0.4541015625 0.5801435406698564 0.4697265625 0.5789473684210527 0.4765625 0.5681818181818182 0.4755859375 0.5490430622009569 0.4638671875 0.5394736842105263
0 0.5205078125 0.5406698564593302 0.5146484375 0.5478468899521531 0.5146484375 0.562200956937799 0.5185546875 0.569377990430622 0.529296875 0.5705741626794258 0.5361328125 0.5598086124401914 0.5361328125 0.5490430622009569 0.525390625 0.5406698564593302
0 0.4921875 0.5370813397129187 0.486328125 0.5406698564593302 0.484375 0.5478468899521531 0.486328125 0.562200956937799 0.490234375 0.5657894736842105 0.498046875 0.5645933014354066 0.5029296875 0.5574162679425837 0.50390625 0.5418660287081339 0.5 0.5370813397129187
0 0.5078125 0.5909090909090909 0.501953125 0.59688995215311 0.5029296875 0.6100478468899522 0.5078125 0.618421052631579 0.517578125 0.6172248803827751 0.5234375 0.611244019138756 0.5224609375 0.5956937799043063 0.5166015625 0.5909090909090909
0 0.5283203125 0.5801435406698564 0.5244140625 0.5873205741626795 0.529296875 0.5944976076555024 0.537109375 0.5909090909090909 0.5380859375 0.5861244019138756 0.5341796875 0.5801435406698564
0 0.505859375 0.569377990430622 0.50390625 0.5777511961722488 0.51171875 0.5825358851674641 0.5146484375 0.5741626794258373 0.5107421875 0.569377990430622
0 0.4892578125 0.5717703349282297 0.4765625 0.5849282296650717 0.478515625 0.5980861244019139 0.4912109375 0.5980861244019139 0.4990234375 0.5849282296650717 0.49609375 0.5753588516746412 0.4912109375 0.5717703349282297
0 0.53369140625 0.40789473684210525 0.517578125 0.4138755980861244 0.5126953125 0.4270334928229665 0.513671875 0.4485645933014354 0.5185546875 0.4605263157894737 0.529296875 0.4700956937799043 0.5537109375 0.4677033492822967 0.560546875 0.4605263157894737 0.5654296875 0.43899521531100477 0.5537109375 0.41746411483253587 0.5390625 0.40789473684210525
0 0.4755859375 0.4354066985645933 0.4638671875 0.44019138755980863 0.4619140625 0.465311004784689 0.4775390625 0.4880382775119617 0.4931640625 0.4904306220095694 0.5048828125 0.48086124401913877 0.509765625 0.4665071770334928 0.5087890625 0.4533492822966507 0.501953125 0.44138755980861244 0.48046875 0.4354066985645933
0 0.466796875 0.4916267942583732 0.4580078125 0.5023923444976076 0.458984375 0.5203349282296651 0.4658203125 0.5322966507177034 0.4755859375 0.5334928229665071 0.486328125 0.5191387559808612 0.4873046875 0.5083732057416268 0.482421875 0.4988038277511962 0.4736328125 0.4916267942583732
0 0.5693359375 0.4700956937799043 0.560546875 0.4784688995215311 0.5576171875 0.5011961722488039 0.5634765625 0.5095693779904307 0.5771484375 0.5119617224880383 0.5859375 0.5083732057416268 0.58984375 0.4964114832535885 0.5869140625 0.48086124401913877 0.57421875 0.4700956937799043
0 0.5625 0.5215311004784688 0.5517578125 0.5299043062200957 0.552734375 0.5358851674641149 0.55859375 0.5418660287081339 0.5732421875 0.5478468899521531 0.5947265625 0.5430622009569378 0.5927734375 0.5334928229665071 0.568359375 0.5215311004784688
0 0.603515625 0.5478468899521531 0.5908203125 0.55622009569378 0.5927734375 0.5765550239234449 0.6025390625 0.583732057416268 0.619140625 0.5849282296650717 0.626953125 0.5777511961722488 0.626953125 0.569377990430622 0.623046875 0.5598086124401914 0.609375 0.5478468899521531
0 0.6103515625 0.45095693779904306 0.6025390625 0.45215311004784686 0.5947265625 0.45933014354066987 0.591796875 0.4784688995215311 0.607421875 0.5035885167464115 0.6259765625 0.507177033492823 0.634765625 0.5011961722488039 0.6357421875 0.48086124401913877 0.6298828125 0.465311004784689 0.62109375 0.45454545454545453 0.61328125 0.45095693779904306
0 0.611328125 0.5143540669856459 0.595703125 0.5179425837320574 0.5947265625 0.5287081339712919 0.6162109375 0.5442583732057417 0.626953125 0.5442583732057417 0.6376953125 0.5322966507177034 0.6376953125 0.527511961722488 0.626953125 0.5179425837320574 0.6162109375 0.5143540669856459
0 0.6484375 0.5430622009569378 0.634765625 0.5502392344497608 0.6337890625 0.5669856459330144 0.638671875 0.5753588516746412 0.6552734375 0.5801435406698564 0.662109375 0.5741626794258373 0.6611328125 0.5657894736842105 0.6650390625 0.55622009569378 0.6533203125 0.5430622009569378
0 0.6181640625 0.6303827751196173 0.611328125 0.6327751196172249 0.60546875 0.6447368421052632 0.6064453125 0.65311004784689 0.611328125 0.6578947368421053 0.6201171875 0.6578947368421053 0.6279296875 0.6483253588516746 0.626953125 0.6351674641148325 0.6201171875 0.6303827751196173
0 0.591796875 0.6483253588516746 0.587890625 0.6543062200956937 0.5908203125 0.6638755980861244 0.59765625 0.6566985645933014 0.5947265625 0.6483253588516746
0 0.5703125 0.6363636363636364 0.5634765625 0.6411483253588517 0.5634765625 0.6471291866028708 0.568359375 0.6566985645933014 0.57421875 0.6602870813397129 0.578125 0.6578947368421053 0.580078125 0.6435406698564593 0.5712890625 0.6363636363636364
0 0.5908203125 0.7069377990430622 0.5830078125 0.7165071770334929 0.5830078125 0.7296650717703349 0.587890625 0.7380382775119617 0.6025390625 0.7476076555023924 0.611328125 0.7392344497607656 0.6142578125 0.7260765550239234 0.6103515625 0.7129186602870813 0.599609375 0.7069377990430622
0 0.994140625 0.8133971291866029 0.986328125 0.8265550239234449 0.9853515625 0.8361244019138756 0.9892578125 0.84688995215311 0.99609375 0.8528708133971292 0.9990234375 0.8528708133971292 0.9990234375 0.8133971291866029
0 0.998046875 0.8576555023923444 0.990234375 0.861244019138756 0.98828125 0.8660287081339713 0.9892578125 0.881578947368421 0.998046875 0.888755980861244 0.9990234375 0.8576555023923444
0 0.9716796875 0.7894736842105263 0.9658203125 0.7930622009569378 0.962890625 0.8098086124401914 0.9677734375 0.8241626794258373 0.9765625 0.8289473684210527 0.982421875 0.8217703349282297 0.98828125 0.7954545454545454 0.984375 0.7906698564593302 0.9755859375 0.7894736842105263
0 0.9521484375 0.7799043062200957 0.9404296875 0.7870813397129187 0.9375 0.7954545454545454 0.9404296875 0.8014354066985646 0.947265625 0.8026315789473685 0.955078125 0.7978468899521531 0.9580078125 0.7858851674641149 0.953125 0.7799043062200957
0 0.919921875 0.7918660287081339 0.9150390625 0.7942583732057417 0.91015625 0.80622009569378 0.91015625 0.8110047846889952 0.9150390625 0.8157894736842105 0.92578125 0.812200956937799 0.9287109375 0.80622009569378 0.9208984375 0.7918660287081339
0 0.9677734375 0.6746411483253588 0.9619140625 0.680622009569378 0.96484375 0.7069377990430622 0.98046875 0.7165071770334929 0.990234375 0.7129186602870813 0.9912109375 0.7009569377990431 0.970703125 0.6746411483253588
0 0.97265625 0.8397129186602871 0.966796875 0.8433014354066986 0.962890625 0.8516746411483254 0.962890625 0.8600478468899522 0.966796875 0.8636363636363636 0.974609375 0.8636363636363636 0.98046875 0.8576555023923444 0.98046875 0.8433014354066986 0.9736328125 0.8397129186602871
0 0.966796875 0.8732057416267942 0.962890625 0.8755980861244019 0.9609375 0.8839712918660287 0.96875 0.895933014354067 0.9775390625 0.8875598086124402 0.9755859375 0.8767942583732058 0.970703125 0.8732057416267942
0 0.4033203125 0.5514354066985646 0.3955078125 0.562200956937799 0.3955078125 0.5729665071770335 0.4052734375 0.5825358851674641 0.4150390625 0.5801435406698564 0.41796875 0.5741626794258373 0.41796875 0.5586124401913876 0.412109375 0.5514354066985646
0 0.376953125 0.507177033492823 0.3642578125 0.5203349282296651 0.3662109375 0.5430622009569378 0.3759765625 0.5526315789473685 0.390625 0.5526315789473685 0.3974609375 0.5442583732057417 0.3984375 0.527511961722488 0.384765625 0.507177033492823
0 0.3486328125 0.4748803827751196 0.3369140625 0.4904306220095694 0.337890625 0.5047846889952153 0.34375 0.5155502392344498 0.3486328125 0.5179425837320574 0.3544921875 0.5179425837320574 0.3623046875 0.5119617224880383 0.3662109375 0.5011961722488039 0.3623046875 0.48086124401913877 0.3564453125 0.4748803827751196
0 0.3193359375 0.44258373205741625 0.314453125 0.4437799043062201 0.3076171875 0.4557416267942584 0.3095703125 0.47368421052631576 0.3173828125 0.48325358851674644 0.3291015625 0.48564593301435405 0.337890625 0.4772727272727273 0.33984375 0.46291866028708134 0.3349609375 0.4473684210526316 0.328125 0.44258373205741625
0 0.357421875 0.41866028708133973 0.345703125 0.4270334928229665 0.33984375 0.4473684210526316 0.3486328125 0.46411483253588515 0.3623046875 0.4677033492822967 0.373046875 0.4569377990430622 0.3740234375 0.4366028708133971 0.3681640625 0.4246411483253589 0.3603515625 0.41866028708133973
0 0.400390625 0.42942583732057416 0.388671875 0.4354066985645933 0.384765625 0.4557416267942584 0.3935546875 0.4688995215311005 0.4072265625 0.47368421052631576 0.4150390625 0.465311004784689 0.4189453125 0.45215311004784686 0.4052734375 0.42942583732057416
0 0.431640625 0.38995215311004783 0.4169921875 0.39593301435406697 0.412109375 0.4019138755980861 0.4111328125 0.4150717703349282 0.427734375 0.44138755980861244 0.4453125 0.4461722488038278 0.45703125 0.4354066985645933 0.4599609375 0.41746411483253587 0.447265625 0.39473684210526316 0.435546875 0.38995215311004783
0 0.466796875 0.3660287081339713 0.4599609375 0.3708133971291866 0.45703125 0.38636363636363635 0.45703125 0.39473684210526316 0.46484375 0.4150717703349282 0.4873046875 0.4258373205741627 0.5068359375 0.41985645933014354 0.5087890625 0.4102870813397129 0.50390625 0.388755980861244 0.4873046875 0.37320574162679426 0.474609375 0.3660287081339713 0.4677734375 0.3660287081339713
0 0.498046875 0.30741626794258375 0.4873046875 0.31698564593301437 0.486328125 0.3349282296650718 0.4951171875 0.3480861244019139 0.5146484375 0.3576555023923445 0.5244140625 0.3456937799043062 0.525390625 0.32894736842105265 0.51953125 0.31220095693779903 0.505859375 0.30741626794258375
0 0.43603515625 0.33851674641148327 0.4248046875 0.3409090909090909 0.4169921875 0.35167464114832536 0.4189453125 0.37200956937799046 0.423828125 0.3803827751196172 0.4296875 0.3827751196172249 0.4453125 0.3803827751196172 0.4521484375 0.3672248803827751 0.4501953125 0.3492822966507177 0.44140625 0.33851674641148327
0 0.380859375 0.3803827751196172 0.3681640625 0.38516746411483255 0.3671875 0.4126794258373206 0.3779296875 0.4222488038277512 0.3916015625 0.4222488038277512 0.3984375 0.4150717703349282 0.4013671875 0.4007177033492823 0.3955078125 0.388755980861244 0.3857421875 0.3803827751196172
0 0.4404296875 0.458133971291866 0.4345703125 0.46411483253588515 0.4306640625 0.48086124401913877 0.439453125 0.4964114832535885 0.4482421875 0.49760765550239233 0.455078125 0.4916267942583732 0.4580078125 0.4748803827751196 0.4541015625 0.46411483253588515 0.4462890625 0.458133971291866
0 0.4072265625 0.48325358851674644 0.40234375 0.4868421052631579 0.40234375 0.5023923444976076 0.4072265625 0.5119617224880383 0.412109375 0.5131578947368421 0.419921875 0.507177033492823 0.4208984375 0.49760765550239233 0.41796875 0.4892344497607656 0.4111328125 0.48325358851674644
0 0.3779296875 0.4688995215311005 0.3720703125 0.4748803827751196 0.3701171875 0.48325358851674644 0.375 0.49282296650717705 0.3837890625 0.4916267942583732 0.3876953125 0.48325358851674644 0.38671875 0.47607655502392343 0.3798828125 0.4688995215311005
0 0.4384765625 0.5083732057416268 0.4306640625 0.5143540669856459 0.4296875 0.5287081339712919 0.4326171875 0.5334928229665071 0.4384765625 0.5334928229665071 0.4462890625 0.5251196172248804 0.447265625 0.5119617224880383 0.4423828125 0.5083732057416268
0 0.556640625 0.3373205741626794 0.54296875 0.35167464114832536 0.5439453125 0.36483253588516745 0.55078125 0.3791866028708134 0.5556640625 0.3827751196172249 0.572265625 0.3815789473684211 0.578125 0.37440191387559807 0.576171875 0.3576555023923445 0.5673828125 0.3409090909090909 0.55859375 0.3373205741626794
0 0.291015625 0.41626794258373206 0.279296875 0.423444976076555 0.27734375 0.4366028708133971 0.283203125 0.45095693779904306 0.2978515625 0.4569377990430622 0.306640625 0.4485645933014354 0.310546875 0.4318181818181818 0.296875 0.41626794258373206
0 0.2568359375 0.41626794258373206 0.25 0.4246411483253589 0.2509765625 0.4318181818181818 0.2568359375 0.4366028708133971 0.267578125 0.43779904306220097 0.2724609375 0.4342105263157895 0.2734375 0.4246411483253589 0.265625 0.41626794258373206
0 0.2744140625 0.38995215311004783 0.265625 0.3923444976076555 0.26171875 0.40311004784689 0.2705078125 0.4150717703349282 0.27734375 0.4150717703349282 0.2861328125 0.40669856459330145 0.2841796875 0.39593301435406697 0.275390625 0.38995215311004783
0 0.2353515625 0.3492822966507177 0.224609375 0.35406698564593303 0.2177734375 0.3624401913875598 0.212890625 0.3803827751196172 0.212890625 0.38995215311004783 0.2177734375 0.39832535885167464 0.2314453125 0.40789473684210525 0.25390625 0.39952153110047844 0.259765625 0.388755980861244 0.2587890625 0.36483253588516745 0.25390625 0.3576555023923445 0.240234375 0.3492822966507177
0 0.1962890625 0.3181818181818182 0.1806640625 0.3277511961722488 0.1787109375 0.3409090909090909 0.181640625 0.3492822966507177 0.19140625 0.36004784688995217 0.2021484375 0.3624401913875598 0.2177734375 0.3480861244019139 0.21875 0.3373205741626794 0.2109375 0.32177033492822965 0.197265625 0.3181818181818182
0 0.1689453125 0.25717703349282295 0.16015625 0.2619617224880383 0.150390625 0.2799043062200957 0.15234375 0.3038277511961722 0.166015625 0.32177033492822965 0.1748046875 0.32177033492822965 0.1865234375 0.3133971291866029 0.1953125 0.2894736842105263 0.193359375 0.2751196172248804 0.189453125 0.26913875598086123 0.1728515625 0.25717703349282295
0 0.2099609375 0.2834928229665072 0.2021484375 0.291866028708134 0.201171875 0.3038277511961722 0.2060546875 0.30741626794258375 0.224609375 0.3038277511961722 0.2275390625 0.29904306220095694 0.2265625 0.28827751196172247 0.2236328125 0.284688995215311 0.2109375 0.2834928229665072
0 0.2412109375 0.30741626794258375 0.228515625 0.3145933014354067 0.2294921875 0.3361244019138756 0.2333984375 0.3409090909090909 0.2470703125 0.33851674641148327 0.25390625 0.33014354066985646 0.25390625 0.3145933014354067 0.248046875 0.30861244019138756 0.2421875 0.30861244019138756
0 0.2666015625 0.33133971291866027 0.2587890625 0.33851674641148327 0.2587890625 0.35167464114832536 0.267578125 0.36004784688995217 0.2841796875 0.35167464114832536 0.283203125 0.33851674641148327 0.2734375 0.33133971291866027
0 0.28125 0.3624401913875598 0.2724609375 0.3684210526315789 0.26953125 0.37559808612440193 0.271484375 0.3815789473684211 0.28125 0.38636363636363635 0.2861328125 0.38516746411483255 0.291015625 0.37679425837320574 0.2900390625 0.3684210526315789 0.283203125 0.3624401913875598
0 0.3017578125 0.3827751196172249 0.2939453125 0.388755980861244 0.2919921875 0.39832535885167464 0.296875 0.40789473684210525 0.3037109375 0.41148325358851673 0.31640625 0.40789473684210525 0.3203125 0.4007177033492823 0.318359375 0.3875598086124402 0.310546875 0.3827751196172249
0 0.3232421875 0.4138755980861244 0.3173828125 0.41866028708133973 0.31640625 0.430622009569378 0.3203125 0.4354066985645933 0.3330078125 0.4354066985645933 0.3359375 0.4318181818181818 0.3359375 0.423444976076555 0.328125 0.4138755980861244
0 0.337890625 0.37200956937799046 0.330078125 0.38636363636363635 0.3330078125 0.4055023923444976 0.3408203125 0.4126794258373206 0.3564453125 0.41148325358851673 0.359375 0.40789473684210525 0.3603515625 0.3815789473684211 0.3427734375 0.37200956937799046
0 0.31396484375 0.3277511961722488 0.2978515625 0.3349282296650718 0.294921875 0.361244019138756 0.3046875 0.37440191387559807 0.3203125 0.37679425837320574 0.3330078125 0.36483253588516745 0.3349609375 0.3480861244019139 0.3310546875 0.3373205741626794 0.3193359375 0.3277511961722488
0 0.287109375 0.28588516746411485 0.2763671875 0.28708133971291866 0.2685546875 0.2942583732057416 0.2646484375 0.30741626794258375 0.267578125 0.32057416267942584 0.279296875 0.326555023923445 0.2900390625 0.326555023923445 0.2998046875 0.32057416267942584 0.302734375 0.3038277511961722 0.29296875 0.28588516746411485
0 0.2451171875 0.24282296650717702 0.240234375 0.24401913875598086 0.2294921875 0.26913875598086123 0.2294921875 0.27751196172248804 0.236328125 0.2894736842105263 0.2548828125 0.2930622009569378 0.2666015625 0.2834928229665072 0.2685546875 0.27392344497607657 0.2626953125 0.24880382775119617 0.248046875 0.24282296650717702
0 0.3505859375 0.3050239234449761 0.3359375 0.3241626794258373 0.3486328125 0.3588516746411483 0.359375 0.36483253588516745 0.359375 0.3696172248803828 0.3662109375 0.37440191387559807 0.384765625 0.3696172248803828 0.3916015625 0.3588516746411483 0.3955078125 0.34210526315789475 0.3935546875 0.3361244019138756 0.3818359375 0.3133971291866029 0.3525390625 0.3050239234449761
0 0.3271484375 0.2834928229665072 0.3154296875 0.291866028708134 0.3115234375 0.30023923444976075 0.3125 0.31100478468899523 0.322265625 0.3181818181818182 0.3349609375 0.31220095693779903 0.3427734375 0.29784688995215314 0.341796875 0.28827751196172247 0.33203125 0.2834928229665072
0 0.3623046875 0.2595693779904306 0.3486328125 0.2679425837320574 0.34765625 0.2834928229665072 0.3544921875 0.2966507177033493 0.375 0.30741626794258375 0.3798828125 0.3062200956937799 0.38671875 0.29545454545454547 0.3837890625 0.2751196172248804 0.36328125 0.2595693779904306
0 0.4228515625 0.28827751196172247 0.4072265625 0.2930622009569378 0.3994140625 0.3026315789473684 0.404296875 0.3241626794258373 0.4140625 0.3361244019138756 0.431640625 0.33133971291866027 0.4365234375 0.3241626794258373 0.4375 0.3026315789473684 0.43359375 0.2942583732057416 0.4248046875 0.28827751196172247
0 0.4521484375 0.3157894736842105 0.4462890625 0.3241626794258373 0.447265625 0.3349282296650718 0.45703125 0.3480861244019139 0.4697265625 0.3480861244019139 0.4716796875 0.3397129186602871 0.4677734375 0.326555023923445 0.453125 0.3157894736842105
0 0.458984375 0.25598086124401914 0.453125 0.25717703349282295 0.447265625 0.26555023923444976 0.443359375 0.28827751196172247 0.4462890625 0.29545454545454547 0.4541015625 0.29784688995215314 0.466796875 0.31100478468899523 0.4755859375 0.3062200956937799 0.482421875 0.2966507177033493 0.484375 0.27751196172248804 0.4814453125 0.2715311004784689 0.4599609375 0.25717703349282295
0 0.404296875 0.21770334928229665 0.388671875 0.22607655502392343 0.3857421875 0.23684210526315788 0.3876953125 0.2583732057416268 0.3984375 0.2727272727272727 0.421875 0.2727272727272727 0.4287109375 0.26555023923444976 0.4296875 0.24760765550239233 0.4248046875 0.2332535885167464 0.4072265625 0.21770334928229665
0 0.3525390625 0.19617224880382775 0.3408203125 0.20454545454545456 0.337890625 0.21291866028708134 0.3388671875 0.22488038277511962 0.34765625 0.24162679425837322 0.3544921875 0.24641148325358853 0.36328125 0.24641148325358853 0.3720703125 0.24043062200956938 0.3759765625 0.22009569377990432 0.373046875 0.20933014354066987 0.359375 0.19617224880382775
0 0.3017578125 0.21650717703349281 0.29296875 0.22009569377990432 0.28515625 0.24162679425837322 0.28515625 0.2535885167464115 0.298828125 0.2727272727272727 0.3095703125 0.2727272727272727 0.3271484375 0.2607655502392344 0.330078125 0.24282296650717702 0.3232421875 0.22248803827751196 0.31640625 0.21770334928229665 0.3037109375 0.21650717703349281
0 0.7294921875 0.4700956937799043 0.7197265625 0.47248803827751196 0.7158203125 0.4772727272727273 0.712890625 0.4916267942583732 0.712890625 0.5155502392344498 0.7265625 0.5263157894736842 0.7392578125 0.5239234449760766 0.748046875 0.5143540669856459 0.7509765625 0.5059808612440191 0.7470703125 0.48086124401913877 0.740234375 0.47368421052631576 0.73046875 0.4700956937799043
0 0.6435546875 0.41866028708133973 0.6298828125 0.423444976076555 0.6259765625 0.42822966507177035 0.6259765625 0.4437799043062201 0.6357421875 0.46411483253588515 0.6513671875 0.4772727272727273 0.662109375 0.4772727272727273 0.671875 0.4700956937799043 0.6728515625 0.4557416267942584 0.6572265625 0.4246411483253589 0.64453125 0.41985645933014354
0 0.580078125 0.38995215311004783 0.5693359375 0.40669856459330145 0.5712890625 0.41148325358851673 0.5654296875 0.4246411483253589 0.572265625 0.42942583732057416 0.57421875 0.43899521531100477 0.5859375 0.44138755980861244 0.609375 0.4318181818181818 0.6142578125 0.42105263157894735 0.6103515625 0.4055023923444976 0.58203125 0.38995215311004783
0 0.6044921875 0.36363636363636365 0.6025390625 0.38995215311004783 0.615234375 0.39832535885167464 0.6279296875 0.39354066985645936 0.6328125 0.38636363636363635 0.62890625 0.37679425837320574 0.619140625 0.3660287081339713 0.6123046875 0.36363636363636365
0 0.6337890625 0.3133971291866029 0.625 0.32057416267942584 0.6220703125 0.34210526315789475 0.62890625 0.36363636363636365 0.6455078125 0.37200956937799046 0.6572265625 0.3588516746411483 0.6611328125 0.33373205741626794 0.65625 0.32177033492822965 0.6484375 0.3133971291866029 0.6376953125 0.3133971291866029
0 0.5986328125 0.27870813397129185 0.5888671875 0.28588516746411485 0.587890625 0.3050239234449761 0.5986328125 0.3241626794258373 0.607421875 0.3253588516746411 0.619140625 0.31100478468899523 0.619140625 0.3026315789473684 0.609375 0.2799043062200957 0.603515625 0.27870813397129185
0 0.5498046875 0.2930622009569378 0.5390625 0.3014354066985646 0.5380859375 0.3133971291866029 0.5439453125 0.3241626794258373 0.560546875 0.32894736842105265 0.5634765625 0.3253588516746411 0.5634765625 0.30741626794258375 0.5615234375 0.29904306220095694 0.5546875 0.2930622009569378
0 0.513671875 0.2619617224880383 0.5029296875 0.2715311004784689 0.5 0.284688995215311 0.5078125 0.30023923444976075 0.51953125 0.3038277511961722 0.5322265625 0.29545454545454547 0.5361328125 0.27751196172248804 0.53125 0.2679425837320574 0.5166015625 0.2619617224880383
0 0.8369140625 0.5155502392344498 0.8271484375 0.5263157894736842 0.8251953125 0.5466507177033493 0.8310546875 0.5574162679425837 0.8427734375 0.5669856459330144 0.849609375 0.5681818181818182 0.861328125 0.5586124401913876 0.8642578125 0.5382775119617225 0.8515625 0.5179425837320574 0.8447265625 0.5155502392344498
0 0.77392578125 0.5598086124401914 0.765625 0.5610047846889952 0.76171875 0.5657894736842105 0.76171875 0.5825358851674641 0.7666015625 0.5933014354066986 0.7822265625 0.5956937799043063 0.787109375 0.5885167464114832 0.7900390625 0.569377990430622 0.779296875 0.5598086124401914
0 0.767578125 0.5023923444976076 0.763671875 0.5047846889952153 0.76171875 0.5131578947368421 0.7666015625 0.5418660287081339 0.7724609375 0.5478468899521531 0.7861328125 0.5490430622009569 0.7958984375 0.5382775119617225 0.7958984375 0.5299043062200957 0.787109375 0.5107655502392344 0.775390625 0.5023923444976076
0 0.7890625 0.48086124401913877 0.779296875 0.4868421052631579 0.7822265625 0.49760765550239233 0.7998046875 0.5179425837320574 0.8125 0.5179425837320574 0.8154296875 0.5083732057416268 0.810546875 0.49282296650717705 0.7900390625 0.48086124401913877
0 0.8154296875 0.4342105263157895 0.806640625 0.4354066985645933 0.7998046875 0.44258373205741625 0.796875 0.4605263157894737 0.8095703125 0.48086124401913877 0.8232421875 0.48444976076555024 0.833984375 0.47607655502392343 0.8369140625 0.45215311004784686 0.8212890625 0.4342105263157895
0 0.7744140625 0.39473684210526316 0.76171875 0.4043062200956938 0.7578125 0.41866028708133973 0.7587890625 0.4342105263157895 0.7705078125 0.44976076555023925 0.78125 0.4485645933014354 0.796875 0.4318181818181818 0.796875 0.4090909090909091 0.779296875 0.39473684210526316
0 0.833984375 0.3923444976076555 0.822265625 0.4007177033492823 0.8193359375 0.41626794258373206 0.826171875 0.42942583732057416 0.841796875 0.43899521531100477 0.8525390625 0.4354066985645933 0.8583984375 0.4222488038277512 0.8544921875 0.4007177033492823 0.8427734375 0.3923444976076555
0 0.798828125 0.3456937799043062 0.7841796875 0.35526315789473684 0.7802734375 0.37679425837320574 0.787109375 0.3911483253588517 0.7998046875 0.40311004784689 0.81640625 0.39593301435406697 0.82421875 0.37799043062200954 0.822265625 0.3588516746411483 0.8154296875 0.35167464114832536 0.8017578125 0.3456937799043062
0 0.71142578125 0.39712918660287083 0.7060546875 0.39712918660287083 0.69921875 0.4055023923444976 0.693359375 0.4246411483253589 0.7001953125 0.4437799043062201 0.712890625 0.45215311004784686 0.7275390625 0.4473684210526316 0.734375 0.4342105263157895 0.732421875 0.4126794258373206 0.716796875 0.39712918660287083
0 0.693359375 0.3253588516746411 0.6845703125 0.33253588516746413 0.681640625 0.34688995215311 0.6884765625 0.36363636363636365 0.69921875 0.37440191387559807 0.712890625 0.37200956937799046 0.7177734375 0.3660287081339713 0.716796875 0.3456937799043062 0.7119140625 0.3349282296650718 0.701171875 0.3253588516746411
0 0.861328125 0.46172248803827753 0.84765625 0.4677033492822967 0.8427734375 0.47368421052631576 0.83984375 0.4916267942583732 0.8486328125 0.507177033492823 0.859375 0.5155502392344498 0.873046875 0.5191387559808612 0.884765625 0.507177033492823 0.8857421875 0.48086124401913877 0.8779296875 0.4688995215311005 0.8623046875 0.46172248803827753
0 0.8798828125 0.41626794258373206 0.8720703125 0.41866028708133973 0.8642578125 0.42822966507177035 0.8642578125 0.4485645933014354 0.875 0.45933014354066987 0.89453125 0.4605263157894737 0.9033203125 0.4485645933014354 0.9013671875 0.42942583732057416 0.890625 0.41985645933014354 0.880859375 0.41746411483253587
0 0.908203125 0.49282296650717705 0.892578125 0.5023923444976076 0.896484375 0.534688995215311 0.9033203125 0.5406698564593302 0.9169921875 0.5394736842105263 0.931640625 0.5263157894736842 0.9267578125 0.5047846889952153 0.9140625 0.49282296650717705
0 0.919921875 0.4473684210526316 0.9091796875 0.4533492822966507 0.9072265625 0.46411483253588515 0.9130859375 0.48086124401913877 0.9248046875 0.4880382775119617 0.93359375 0.48086124401913877 0.935546875 0.4665071770334928 0.9306640625 0.45215311004784686 0.921875 0.4473684210526316
0 0.896484375 0.5478468899521531 0.884765625 0.5550239234449761 0.8828125 0.5598086124401914 0.888671875 0.5777511961722488 0.908203125 0.5825358851674641 0.9228515625 0.5729665071770335 0.923828125 0.5645933014354066 0.9130859375 0.5514354066985646 0.8984375 0.5478468899521531
0 0.8408203125 0.5789473684210527 0.83203125 0.583732057416268 0.8271484375 0.5944976076555024 0.8271484375 0.6016746411483254 0.8408203125 0.6124401913875598 0.8525390625 0.6076555023923444 0.8603515625 0.5980861244019139 0.8583984375 0.5861244019138756 0.8486328125 0.5789473684210527
0 0.95556640625 0.5526315789473685 0.9384765625 0.5574162679425837 0.9345703125 0.5717703349282297 0.9404296875 0.5849282296650717 0.9501953125 0.5956937799043063 0.962890625 0.5992822966507177 0.97265625 0.5873205741626795 0.9755859375 0.5765550239234449 0.96875 0.5598086124401914 0.9609375 0.5526315789473685
0 0.8935546875 0.5956937799043063 0.8857421875 0.611244019138756 0.8857421875 0.6351674641148325 0.892578125 0.6447368421052632 0.908203125 0.6471291866028708 0.9208984375 0.6327751196172249 0.921875 0.6196172248803827 0.8974609375 0.5956937799043063
0 0.955078125 0.4605263157894737 0.94921875 0.4605263157894737 0.943359375 0.4677033492822967 0.94140625 0.4904306220095694 0.9482421875 0.5047846889952153 0.9697265625 0.5059808612440191 0.9755859375 0.49760765550239233 0.9775390625 0.4820574162679426 0.9736328125 0.4677033492822967 0.9677734375 0.46172248803827753 0.9609375 0.4605263157894737
0 0.9521484375 0.5107655502392344 0.9443359375 0.5191387559808612 0.9453125 0.5322966507177034 0.9541015625 0.5418660287081339 0.9697265625 0.5418660287081339 0.9736328125 0.5322966507177034 0.9697265625 0.5215311004784688 0.962890625 0.5143540669856459 0.953125 0.5107655502392344
0 0.75390625 0.32057416267942584 0.7421875 0.32894736842105265 0.7412109375 0.3397129186602871 0.7470703125 0.35645933014354064 0.75390625 0.36363636363636365 0.7626953125 0.3660287081339713 0.775390625 0.35287081339712917 0.7763671875 0.3373205741626794 0.7685546875 0.326555023923445 0.7548828125 0.32057416267942584
0 0.72265625 0.284688995215311 0.7119140625 0.28827751196172247 0.712890625 0.3062200956937799 0.7294921875 0.31698564593301437 0.7373046875 0.31698564593301437 0.7412109375 0.31100478468899523 0.7412109375 0.3026315789473684 0.73046875 0.28588516746411485 0.724609375 0.284688995215311
0 0.712890625 0.31220095693779903 0.7099609375 0.3229665071770335 0.716796875 0.3373205741626794 0.7294921875 0.3373205741626794 0.732421875 0.33373205741626794 0.732421875 0.3241626794258373 0.7138671875 0.31220095693779903
0 0.6953125 0.2942583732057416 0.689453125 0.30023923444976075 0.6884765625 0.31220095693779903 0.689453125 0.3181818181818182 0.6982421875 0.32057416267942584 0.7041015625 0.3181818181818182 0.7099609375 0.30980861244019137 0.7041015625 0.2942583732057416
0 0.66796875 0.2799043062200957 0.654296875 0.2894736842105263 0.6513671875 0.3062200956937799 0.6650390625 0.3253588516746411 0.6796875 0.326555023923445 0.685546875 0.319377990430622 0.6865234375 0.29545454545454547 0.6806640625 0.284688995215311 0.6728515625 0.2799043062200957
0 0.5556640625 0.25478468899521534 0.546875 0.26435406698564595 0.552734375 0.2811004784688995 0.5625 0.2894736842105263 0.5810546875 0.2834928229665072 0.5830078125 0.2751196172248804 0.564453125 0.25478468899521534
0 0.595703125 0.21411483253588517 0.5849609375 0.21770334928229665 0.576171875 0.23444976076555024 0.5791015625 0.25239234449760767 0.587890625 0.26555023923444976 0.599609375 0.2631578947368421 0.609375 0.25478468899521534 0.6171875 0.24162679425837322 0.6142578125 0.22248803827751196 0.6083984375 0.215311004784689 0.6015625 0.21411483253588517
0 0.6259765625 0.25 0.615234375 0.25717703349282295 0.62109375 0.27870813397129185 0.6259765625 0.284688995215311 0.6484375 0.2834928229665072 0.6513671875 0.27392344497607657 0.650390625 0.2595693779904306 0.646484375 0.25478468899521534 0.6328125 0.25
0 0.6572265625 0.2117224880382775 0.6484375 0.215311004784689 0.6435546875 0.22727272727272727 0.6435546875 0.24162679425837322 0.65234375 0.24880382775119617 0.6689453125 0.24760765550239233 0.67578125 0.24162679425837322 0.6728515625 0.21889952153110048 0.666015625 0.2117224880382775
0 0.630859375 0.1854066985645933 0.619140625 0.1901913875598086 0.6123046875 0.19856459330143542 0.61328125 0.2117224880382775 0.625 0.22129186602870812 0.6396484375 0.21770334928229665 0.6435546875 0.2117224880382775 0.64453125 0.19736842105263158 0.634765625 0.1854066985645933
0 0.6142578125 0.15311004784688995 0.59765625 0.1590909090909091 0.5888671875 0.16626794258373206 0.583984375 0.17703349282296652 0.583984375 0.1854066985645933 0.5888671875 0.19138755980861244 0.60546875 0.19258373205741627 0.6171875 0.18421052631578946 0.62109375 0.16267942583732056 0.6162109375 0.15311004784688995
0 0.5146484375 0.11244019138755981 0.4970703125 0.1255980861244019 0.494140625 0.13277511961722488 0.494140625 0.14952153110047847 0.509765625 0.16985645933014354 0.5380859375 0.17105263157894737 0.546875 0.1638755980861244 0.546875 0.1471291866028708 0.533203125 0.11842105263157894 0.51953125 0.11244019138755981
0 0.583984375 0.09330143540669857 0.5712890625 0.09688995215311005 0.5634765625 0.11004784688995216 0.5625 0.1291866028708134 0.5712890625 0.13995215311004786 0.583984375 0.14114832535885166 0.599609375 0.12320574162679426 0.6005859375 0.11124401913875598 0.59765625 0.10167464114832536 0.5888671875 0.09330143540669857
0 0.5576171875 0.041866028708133975 0.548828125 0.045454545454545456 0.5419921875 0.056220095693779906 0.5478515625 0.08253588516746412 0.556640625 0.08732057416267942 0.5751953125 0.08253588516746412 0.5810546875 0.06818181818181818 0.5810546875 0.05861244019138756 0.5771484375 0.050239234449760764 0.564453125 0.041866028708133975
0 0.5009765625 0.039473684210526314 0.4873046875 0.045454545454545456 0.484375 0.06220095693779904 0.48828125 0.08851674641148326 0.5009765625 0.09808612440191387 0.5166015625 0.09330143540669857 0.529296875 0.07416267942583732 0.53125 0.0645933014354067 0.525390625 0.04904306220095694 0.5087890625 0.039473684210526314
0 0.5400390625 0.08971291866028708 0.5322265625 0.09449760765550239 0.53125 0.10287081339712918 0.541015625 0.11244019138755981 0.5478515625 0.11244019138755981 0.5537109375 0.09808612440191387 0.546875 0.08971291866028708
0 0.6015625 0.03708133971291866 0.5869140625 0.04904306220095694 0.5888671875 0.06339712918660287 0.6015625 0.0729665071770335 0.6142578125 0.06818181818181818 0.619140625 0.061004784688995214 0.6162109375 0.0430622009569378 0.6083984375 0.03708133971291866
0 0.6123046875 0.07655502392344497 0.60546875 0.08373205741626795 0.60546875 0.09090909090909091 0.6142578125 0.10047846889952153 0.62109375 0.09928229665071771 0.6259765625 0.09090909090909091 0.6259765625 0.08492822966507177 0.6201171875 0.07655502392344497
0 0.6357421875 0.13516746411483255 0.6259765625 0.14473684210526316 0.625 0.15550239234449761 0.62890625 0.16267942583732056 0.638671875 0.16507177033492823 0.6494140625 0.15669856459330145 0.6484375 0.14354066985645933 0.640625 0.13516746411483255
0 0.6533203125 0.1638755980861244 0.646484375 0.1674641148325359 0.6435546875 0.17583732057416268 0.6435546875 0.18421052631578946 0.65234375 0.1901913875598086 0.66015625 0.18899521531100477 0.666015625 0.18301435406698566 0.666015625 0.17105263157894737 0.66015625 0.1638755980861244
0 0.4567060546875 0.05263157894736842 0.4462890625 0.05263157894736842 0.4384765625 0.0729665071770335 0.4404296875 0.08971291866028708 0.4541015625 0.10287081339712918 0.46875 0.09928229665071771 0.4775390625 0.08373205741626795 0.4755859375 0.06339712918660287 0.4619140625 0.05263157894736842
0 0.39453125 0.050239234449760764 0.388671875 0.05263157894736842 0.3818359375 0.0645933014354067 0.3857421875 0.08971291866028708 0.39453125 0.10167464114832536 0.408203125 0.10526315789473684 0.4140625 0.09808612440191387 0.419921875 0.0729665071770335 0.4140625 0.05741626794258373 0.3994140625 0.050239234449760764
0 0.4453125 0.005980861244019139 0.4384765625 0.01555023923444976 0.4404296875 0.03349282296650718 0.44921875 0.0430622009569378 0.45703125 0.0430622009569378 0.462890625 0.03708133971291866 0.46484375 0.0215311004784689 0.462890625 0.013157894736842105 0.453125 0.005980861244019139
0 0.537109375 0 0.52734375 0 0.5146484375 0.011961722488038277 0.515625 0.03229665071770335 0.5283203125 0.0430622009569378 0.5400390625 0.0430622009569378 0.552734375 0.03349282296650718 0.5517578125 0.01076555023923445 0.5419921875 0
0 0.5951455078125 0 0.5625 0.0011961722488038277 0.564453125 0.01076555023923445 0.572265625 0.02033492822966507 0.591796875 0.02631578947368421 0.6005859375 0.017942583732057416 0.6005859375 0
0 0.3583984375 0 0.3388671875 0.007177033492822967 0.3349609375 0.01555023923444976 0.3330078125 0.04425837320574163 0.3369140625 0.05502392344497608 0.34765625 0.06339712918660287 0.36328125 0.05861244019138756 0.3740234375 0.04784688995215311 0.3759765625 0.04066985645933014 0.3759765625 0.025119617224880382 0.3701171875 0.007177033492822967 0.359375 0
0 0.3133544921875 0 0.2783203125 0 0.2744140625 0.014354066985645933 0.2744140625 0.028708133971291867 0.2880859375 0.04425837320574163 0.3125 0.056220095693779906 0.3203125 0.05382775119617225 0.3232421875 0.04904306220095694 0.3232421875 0.03708133971291866 0.3291015625 0.025119617224880382 0.328125 0.01076555023923445 0.318359375 0
0 0.2646484375 0.039473684210526314 0.251953125 0.041866028708133975 0.2470703125 0.04665071770334928 0.2421875 0.05741626794258373 0.2421875 0.06937799043062201 0.2451171875 0.08851674641148326 0.2568359375 0.09808612440191387 0.2685546875 0.10047846889952153 0.2802734375 0.07535885167464115 0.2802734375 0.0645933014354067 0.2724609375 0.04665071770334928 0.265625 0.039473684210526314
0 0.254603515625 0 0.2236328125 0 0.2236328125 0.0215311004784689 0.2294921875 0.025119617224880382 0.2451171875 0.023923444976076555 0.255859375 0.014354066985645933 0.259765625 0
0 0.1941962890625 0 0.1640625 0 0.1640625 0.007177033492822967 0.1748046875 0.019138755980861243 0.18359375 0.02033492822966507 0.197265625 0.011961722488038277 0.19921875 0
0 0.1982421875 0.022727272727272728 0.181640625 0.03110047846889952 0.1767578125 0.0430622009569378 0.1826171875 0.07057416267942583 0.1923828125 0.07655502392344497 0.216796875 0.07416267942583732 0.2236328125 0.06698564593301436 0.2275390625 0.05382775119617225 0.2275390625 0.0430622009569378 0.220703125 0.029904306220095694 0.2041015625 0.022727272727272728
0 0.15234375 0.011961722488038277 0.1435546875 0.014354066985645933 0.1357421875 0.03229665071770335 0.1376953125 0.039473684210526314 0.150390625 0.05143540669856459 0.162109375 0.04784688995215311 0.1689453125 0.03229665071770335 0.1650390625 0.02033492822966507 0.15625 0.011961722488038277
0 0.11767578125 0 0.1123046875 0 0.1044921875 0.01674641148325359 0.1064453125 0.03229665071770335 0.111328125 0.03708133971291866 0.1298828125 0.03229665071770335 0.1318359375 0.013157894736842105 0.123046875 0
0 0.150146484375 0 0.134765625 0.0011961722488038277 0.1396484375 0.005980861244019139 0.146484375 0.005980861244019139 0.1552734375 0
0 0.1246748046875 0.041866028708133975 0.109375 0.04425837320574163 0.099609375 0.061004784688995214 0.1005859375 0.08971291866028708 0.1103515625 0.10287081339712918 0.134765625 0.09808612440191387 0.1455078125 0.07775119617224881 0.146484375 0.06698564593301436 0.1435546875 0.05741626794258373 0.1298828125 0.041866028708133975
0 0.1572265625 0.07894736842105263 0.14453125 0.09808612440191387 0.150390625 0.11842105263157894 0.1611328125 0.1303827751196172 0.1708984375 0.1303827751196172 0.18359375 0.12440191387559808 0.1904296875 0.11483253588516747 0.1884765625 0.10287081339712918 0.169921875 0.08014354066985646 0.16015625 0.07894736842105263
0 0.126953125 0.1076555023923445 0.11328125 0.11244019138755981 0.107421875 0.13157894736842105 0.111328125 0.1519138755980861 0.119140625 0.16267942583732056 0.125 0.16507177033492823 0.142578125 0.15789473684210525 0.150390625 0.14114832535885166 0.150390625 0.13277511961722488 0.14453125 0.11842105263157894 0.1376953125 0.11124401913875598 0.1279296875 0.1076555023923445
0 0.140625 0.16626794258373206 0.123046875 0.17464114832535885 0.1181640625 0.18899521531100477 0.1240234375 0.20933014354066987 0.1328125 0.21770334928229665 0.1474609375 0.21052631578947367 0.1572265625 0.18899521531100477 0.1572265625 0.17583732057416268 0.14453125 0.16626794258373206
0 0.17919921875 0.17464114832535885 0.166015625 0.17942583732057416 0.16015625 0.19856459330143542 0.1611328125 0.20813397129186603 0.1728515625 0.21650717703349281 0.185546875 0.21411483253588517 0.1923828125 0.20334928229665072 0.193359375 0.18779904306220097 0.1845703125 0.17464114832535885
0 0.150390625 0.21650717703349281 0.140625 0.22248803827751196 0.138671875 0.24282296650717702 0.14453125 0.25239234449760767 0.1640625 0.2535885167464115 0.1708984375 0.24641148325358853 0.171875 0.23086124401913877 0.158203125 0.21650717703349281 0.1513671875 0.21650717703349281
0 0.1982421875 0.21770334928229665 0.189453125 0.22009569377990432 0.181640625 0.22727272727272727 0.1806640625 0.24043062200956938 0.1845703125 0.24641148325358853 0.19140625 0.24760765550239233 0.2041015625 0.23803827751196172 0.2080078125 0.22248803827751196 0.19921875 0.21770334928229665
0 0.2109375 0.2511961722488038 0.203125 0.2535885167464115 0.201171875 0.2595693779904306 0.203125 0.2679425837320574 0.2080078125 0.2715311004784689 0.212890625 0.2715311004784689 0.2177734375 0.26555023923444976 0.2158203125 0.2511961722488038
0 0.2216796875 0.1674641148325359 0.2099609375 0.17105263157894737 0.201171875 0.180622009569378 0.2001953125 0.2021531100478469 0.2099609375 0.21291866028708134 0.2275390625 0.2069377990430622 0.2392578125 0.19258373205741627 0.2373046875 0.17822966507177032 0.2265625 0.1674641148325359
0 0.1982421875 0.1255980861244019 0.189453125 0.1291866028708134 0.18359375 0.13636363636363635 0.1806640625 0.1471291866028708 0.1806640625 0.15789473684210525 0.19140625 0.1686602870813397 0.2109375 0.16267942583732056 0.2197265625 0.1507177033492823 0.21875 0.13995215311004786 0.2138671875 0.13157894736842105 0.19921875 0.1255980861244019
0 0.1611328125 0.1471291866028708 0.15234375 0.1590909090909091 0.1611328125 0.1722488038277512 0.169921875 0.1686602870813397 0.173828125 0.16028708133971292 0.171875 0.1507177033492823 0.166015625 0.1471291866028708
0 0.264404296875 0.1076555023923445 0.244140625 0.10885167464114832 0.236328125 0.11483253588516747 0.2265625 0.13277511961722488 0.2294921875 0.15669856459330145 0.23828125 0.16985645933014354 0.2470703125 0.17464114832535885 0.26953125 0.1722488038277512 0.2841796875 0.15430622009569378 0.2841796875 0.12679425837320574 0.26953125 0.1076555023923445
0 0.2197265625 0.08492822966507177 0.201171875 0.09569377990430622 0.1982421875 0.11244019138755981 0.2021484375 0.11722488038277512 0.2197265625 0.12200956937799043 0.2314453125 0.11124401913875598 0.23046875 0.09330143540669857 0.2216796875 0.08732057416267942
0 0.158203125 0.056220095693779906 0.1513671875 0.06339712918660287 0.154296875 0.07177033492822966 0.1650390625 0.06937799043062201 0.1630859375 0.056220095693779906
0 0.3203125 0.10406698564593302 0.306640625 0.10645933014354067 0.2919921875 0.12320574162679426 0.29296875 0.1375598086124402 0.298828125 0.14832535885167464 0.318359375 0.15669856459330145 0.32421875 0.15669856459330145 0.3291015625 0.1519138755980861 0.3359375 0.12799043062200957 0.333984375 0.11602870813397129 0.3251953125 0.10406698564593302
0 0.3623046875 0.09569377990430622 0.3505859375 0.09808612440191387 0.34765625 0.10287081339712918 0.3447265625 0.11244019138755981 0.34765625 0.1423444976076555 0.3583984375 0.16148325358851676 0.3779296875 0.16148325358851676 0.388671875 0.14952153110047847 0.3876953125 0.12200956937799043 0.373046875 0.09808612440191387 0.36328125 0.09688995215311005
0 0.30859375 0.06937799043062201 0.298828125 0.0729665071770335 0.294921875 0.07775119617224881 0.294921875 0.08373205741626795 0.3037109375 0.09569377990430622 0.318359375 0.09808612440191387 0.3232421875 0.08971291866028708 0.3232421875 0.08253588516746412 0.3134765625 0.06937799043062201
0 0.2880859375 0.09210526315789473 0.27734375 0.09808612440191387 0.2744140625 0.10406698564593302 0.27734375 0.11124401913875598 0.28515625 0.11722488038277512 0.3037109375 0.10167464114832536 0.2998046875 0.09569377990430622 0.291015625 0.09210526315789473
0 0.4150390625 0.13636363636363635 0.404296875 0.1507177033492823 0.4091796875 0.16507177033492823 0.4169921875 0.17105263157894737 0.44140625 0.17105263157894737 0.4462890625 0.15550239234449761 0.443359375 0.13995215311004786 0.4384765625 0.1375598086124402 0.4248046875 0.14114832535885166 0.4189453125 0.13636363636363635
0 0.2958984375 0.16626794258373206 0.279296875 0.1722488038277512 0.271484375 0.17942583732057416 0.26953125 0.19617224880382775 0.2734375 0.20574162679425836 0.2978515625 0.2069377990430622 0.3095703125 0.19976076555023922 0.3173828125 0.18181818181818182 0.2998046875 0.16626794258373206
0 0.244140625 0.1937799043062201 0.2275390625 0.215311004784689 0.23046875 0.22727272727272727 0.240234375 0.23684210526315788 0.2568359375 0.23444976076555024 0.267578125 0.22009569377990432 0.2685546875 0.20933014354066987 0.263671875 0.19617224880382775 0.2509765625 0.1937799043062201
0 0.32421875 0.18899521531100477 0.31640625 0.19497607655502391 0.3115234375 0.2069377990430622 0.3193359375 0.21411483253588517 0.33203125 0.21650717703349281 0.3388671875 0.19617224880382775 0.326171875 0.18899521531100477
0 0.3388671875 0.1638755980861244 0.33203125 0.1686602870813397 0.328125 0.1854066985645933 0.341796875 0.1937799043062201 0.35546875 0.19138755980861244 0.359375 0.18779904306220097 0.3583984375 0.17464114832535885 0.353515625 0.1674641148325359 0.345703125 0.1638755980861244
0 0.3876953125 0.1674641148325359 0.3759765625 0.17822966507177032 0.375 0.19856459330143542 0.3798828125 0.20813397129186603 0.3916015625 0.21291866028708134 0.4072265625 0.20933014354066987 0.416015625 0.19617224880382775 0.4140625 0.18301435406698566 0.39453125 0.1674641148325359
0 0.4443359375 0.19138755980861244 0.4384765625 0.19258373205741627 0.4326171875 0.19976076555023922 0.43359375 0.2236842105263158 0.4453125 0.24162679425837322 0.462890625 0.2452153110047847 0.4677734375 0.23444976076555024 0.46875 0.20933014354066987 0.4609375 0.19736842105263158 0.4462890625 0.19138755980861244
0 0.4794921875 0.1674641148325359 0.4716796875 0.17105263157894737 0.46875 0.18181818181818182 0.4736328125 0.19976076555023922 0.4814453125 0.21291866028708134 0.4970703125 0.21411483253588517 0.501953125 0.19258373205741627 0.49609375 0.17822966507177032 0.484375 0.1674641148325359
0 0.4921875 0.23684210526315788 0.4794921875 0.24162679425837322 0.4775390625 0.25717703349282295 0.48046875 0.2607655502392344 0.49609375 0.2595693779904306 0.5048828125 0.25478468899521534 0.505859375 0.2511961722488038 0.498046875 0.23684210526315788
0 0.5322265625 0.20574162679425836 0.5244140625 0.2069377990430622 0.51171875 0.21770334928229665 0.51171875 0.23684210526315788 0.5283203125 0.2452153110047847 0.5439453125 0.23684210526315788 0.5478515625 0.22966507177033493 0.546875 0.215311004784689 0.537109375 0.20574162679425836
0 0.564453125 0.18421052631578946 0.55859375 0.19138755980861244 0.5625 0.21411483253588517 0.564453125 0.22009569377990432 0.57421875 0.2236842105263158 0.58203125 0.20813397129186603 0.58203125 0.19258373205741627 0.572265625 0.18421052631578946
0 0.6611328125 0.7356459330143541 0.654296875 0.7440191387559809 0.658203125 0.7535885167464115 0.6650390625 0.7476076555023924 0.6650390625 0.7380382775119617 0.662109375 0.7368421052631579
0 0.6396484375 0.7679425837320574 0.6337890625 0.7751196172248804 0.6337890625 0.7811004784688995 0.6435546875 0.7906698564593302 0.6474609375 0.7799043062200957 0.64453125 0.7679425837320574
0 0.94140625 0.80622009569378 0.931640625 0.812200956937799 0.92578125 0.8241626794258373 0.931640625 0.8385167464114832 0.9482421875 0.8421052631578947 0.9560546875 0.8373205741626795 0.958984375 0.8241626794258373 0.953125 0.8098086124401914 0.943359375 0.80622009569378
0 0.87890625 0.8253588516746412 0.8740234375 0.8313397129186603 0.875 0.8409090909090909 0.8779296875 0.8433014354066986 0.884765625 0.8397129186602871 0.8857421875 0.8301435406698564 0.8828125 0.8253588516746412
0 0.796875 0.80622009569378 0.7900390625 0.8133971291866029 0.79296875 0.8241626794258373 0.7978515625 0.8241626794258373 0.8017578125 0.819377990430622 0.8017578125 0.8098086124401914 0.7978515625 0.8074162679425837
0 0.90283203125 0.6555023923444976 0.8955078125 0.6566985645933014 0.888671875 0.6674641148325359 0.8974609375 0.6854066985645934 0.9091796875 0.6925837320574163 0.916015625 0.6842105263157895 0.91796875 0.6710526315789473 0.908203125 0.6555023923444976
0 0.9384765625 0.6088516746411483 0.93359375 0.6124401913875598 0.9384765625 0.618421052631579 0.931640625 0.6220095693779905 0.9326171875 0.645933014354067 0.939453125 0.6578947368421053 0.9521484375 0.6638755980861244 0.962890625 0.6614832535885168 0.970703125 0.6399521531100478 0.9697265625 0.6267942583732058 0.966796875 0.6220095693779905 0.958984375 0.6208133971291866 0.9599609375 0.6148325358851675 0.9560546875 0.611244019138756 0.9404296875 0.611244019138756
0 0.9970703125 0.6255980861244019 0.990234375 0.6363636363636364 0.990234375 0.6471291866028708 0.998046875 0.6590909090909091 0.9990234375 0.6255980861244019
0 0.9873046875 0.5466507177033493 0.9794921875 0.5538277511961722 0.9853515625 0.5645933014354066 0.9921875 0.5669856459330144 0.99609375 0.55622009569378 0.98828125 0.5478468899521531
0 0.96875 0.41985645933014354 0.958984375 0.42105263157894735 0.951171875 0.42942583732057416 0.953125 0.4449760765550239 0.962890625 0.4557416267942584 0.9716796875 0.45454545454545453 0.98046875 0.44019138755980863 0.98046875 0.42822966507177035 0.9736328125 0.41985645933014354
0 0.9345703125 0.4138755980861244 0.9208984375 0.41985645933014354 0.9208984375 0.4318181818181818 0.9306640625 0.4437799043062201 0.939453125 0.44138755980861244 0.9462890625 0.42942583732057416 0.943359375 0.41866028708133973 0.9365234375 0.4138755980861244
0 0.8701171875 0.5669856459330144 0.8583984375 0.5753588516746412 0.8681640625 0.5909090909090909 0.873046875 0.5909090909090909 0.884765625 0.5813397129186603 0.8798828125 0.569377990430622 0.87109375 0.5681818181818182
0 0.7509765625 0.5334928229665071 0.7412109375 0.5394736842105263 0.748046875 0.5586124401913876 0.7529296875 0.5574162679425837 0.76171875 0.5466507177033493 0.7587890625 0.5394736842105263 0.751953125 0.534688995215311
0 0.74609375 0.6052631578947368 0.7451171875 0.6148325358851675 0.7568359375 0.6339712918660287 0.7626953125 0.6351674641148325 0.7666015625 0.6291866028708134 0.765625 0.6172248803827751 0.7548828125 0.6052631578947368
0 0.712890625 0.5287081339712919 0.7060546875 0.5322966507177034 0.69921875 0.5430622009569378 0.701171875 0.5550239234449761 0.716796875 0.5741626794258373 0.7294921875 0.5801435406698564 0.7373046875 0.5789473684210527 0.7412109375 0.5705741626794258 0.740234375 0.5502392344497608 0.732421875 0.5370813397129187 0.7138671875 0.5287081339712919
0 0.669921875 0.5789473684210527 0.6640625 0.5849282296650717 0.662109375 0.604066985645933 0.6708984375 0.6196172248803827 0.677734375 0.6148325358851675 0.685546875 0.5980861244019139 0.68359375 0.5861244019138756 0.6748046875 0.5789473684210527
0 0.7353515625 0.3660287081339713 0.7255859375 0.37799043062200954 0.7265625 0.3923444976076555 0.7373046875 0.4090909090909091 0.751953125 0.4090909090909091 0.7578125 0.39473684210526316 0.7578125 0.3803827751196172 0.7373046875 0.3660287081339713
0 0.6533203125 0.38995215311004783 0.6494140625 0.39593301435406697 0.65234375 0.4102870813397129 0.658203125 0.41626794258373206 0.6728515625 0.41866028708133973 0.6748046875 0.4102870813397129 0.671875 0.4043062200956938 0.6552734375 0.38995215311004783
0 0.39453125 0.007177033492822967 0.38671875 0.0215311004784689 0.388671875 0.03229665071770335 0.392578125 0.03588516746411483 0.412109375 0.03708133971291866 0.4287109375 0.0215311004784689 0.427734375 0.01674641148325359 0.421875 0.013157894736842105 0.3974609375 0.007177033492822967
0 0.8349609375 0.37200956937799046 0.83203125 0.37799043062200954 0.837890625 0.3875598086124402 0.845703125 0.3827751196172249 0.845703125 0.37679425837320574 0.8388671875 0.37200956937799046
0 0.8564453125 0.37679425837320574 0.8525390625 0.3911483253588517 0.86328125 0.39712918660287083 0.869140625 0.3923444976076555 0.869140625 0.3839712918660287 0.859375 0.37679425837320574
0 0.8798828125 0.3923444976076555 0.8740234375 0.39712918660287083 0.875 0.4043062200956938 0.8779296875 0.4090909090909091 0.88671875 0.41148325358851673 0.8916015625 0.4007177033492823 0.8857421875 0.3923444976076555
0 0.9013671875 0.40311004784689 0.8984375 0.4126794258373206 0.9013671875 0.41866028708133973 0.9091796875 0.4222488038277512 0.9150390625 0.41866028708133973 0.916015625 0.41148325358851673 0.908203125 0.40311004784689
0 0.978515625 0.45933014354066987 0.978515625 0.4700956937799043 0.986328125 0.47368421052631576 0.990234375 0.4688995215311005 0.984375 0.45933014354066987
0 0.6923828125 0.2511961722488038 0.6806640625 0.2583732057416268 0.6787109375 0.2727272727272727 0.6826171875 0.2822966507177033 0.7001953125 0.29066985645933013 0.70703125 0.284688995215311 0.7099609375 0.2703349282296651 0.6953125 0.2511961722488038
0 0.48046875 0.09928229665071771 0.4736328125 0.10645933014354067 0.4736328125 0.11244019138755981 0.482421875 0.12200956937799043 0.4951171875 0.10526315789473684 0.494140625 0.10167464114832536 0.486328125 0.09928229665071771