0 0.372978 0.578154 0.372978 0.59887 0.383444 0.610169 0.410086 0.611111 0.4196 0.608286 0.429115 0.599812 0.430067 0.581921 0.425309 0.566855 0.415794 0.557439 0.383444 0.56403
0 0.365366 0.63371 0.367269 0.66855 0.372027 0.675141 0.383444 0.678908 0.398668 0.673258 0.409134 0.664783 0.414843 0.636535 0.408183 0.629002 0.376784 0.622411
0 0.417697 0.675141 0.417697 0.696798 0.425309 0.706215 0.43863 0.706215 0.455756 0.695857 0.457659 0.671375 0.449096 0.655367 0.442436 0.653484 0.428164 0.660075
0 0.308278 0.664783 0.306375 0.675141 0.310181 0.681733 0.326356 0.693974 0.343482 0.693032 0.353949 0.685499 0.357755 0.677024 0.353949 0.651601 0.341579 0.641243 0.320647 0.648776
0 0.278782 0.709981 0.277831 0.724105 0.304472 0.740113 0.310181 0.739171 0.331113 0.716573 0.323501 0.704331 0.302569 0.696798 0.291151 0.698682
0 0.31589 0.749529 0.314938 0.766478 0.323501 0.778719 0.333968 0.781544 0.345385 0.779661 0.356803 0.76742 0.355852 0.741996 0.352997 0.735405 0.345385 0.730697 0.334919 0.73258
0 0.25785 0.750471 0.255947 0.76742 0.260704 0.777778 0.272122 0.782486 0.279734 0.780603 0.291151 0.763653 0.288297 0.749529 0.280685 0.742938 0.269267 0.740113 0.260704 0.743879
0 0.21313 0.723164 0.212179 0.737288 0.226451 0.751412 0.239772 0.750471 0.249286 0.737288 0.248335 0.725047 0.242626 0.718456 0.233111 0.717514
0 0.226451 0.632768 0.230257 0.658192 0.235014 0.6629 0.255947 0.665725 0.274025 0.648776 0.270219 0.625235 0.259753 0.613936 0.249286 0.612994 0.237869 0.617702
0 0.283539 0.614878 0.282588 0.63371 0.292103 0.648776 0.310181 0.646893 0.325404 0.62806 0.323501 0.618644 0.307326 0.611111 0.291151 0.610169
0 0.203616 0.602637 0.203616 0.615819 0.212179 0.621469 0.226451 0.615819 0.230257 0.608286 0.227402 0.597928 0.222645 0.595104 0.211227 0.596987
0 0.193149 0.549906 0.192198 0.561205 0.196004 0.56968 0.208373 0.577213 0.224548 0.57533 0.231208 0.566855 0.233111 0.551789 0.226451 0.537665 0.204567 0.537665
0 0.270219 0.564972 0.268316 0.577213 0.272122 0.587571 0.279734 0.594162 0.293054 0.597928 0.314938 0.597928 0.328259 0.592279 0.334919 0.586629 0.342531 0.570621 0.340628 0.560264 0.323501 0.54049 0.294957 0.541431 0.277831 0.553672
0 0.246432 0.512241 0.244529 0.530132 0.247383 0.535782 0.256898 0.539548 0.280685 0.52919 0.285442 0.520716 0.283539 0.511299 0.274025 0.503766 0.263559 0.503766
0 0.285442 0.475518 0.284491 0.492467 0.292103 0.502825 0.301618 0.507533 0.31589 0.504708 0.335871 0.481168 0.333016 0.467985 0.313987 0.455744 0.293054 0.463277
0 0.362512 0.484934 0.362512 0.492467 0.369172 0.504708 0.38059 0.511299 0.402474 0.50565 0.408183 0.492467 0.408183 0.481168 0.396765 0.467985 0.383444 0.467985
0 0.330162 0.513183 0.332065 0.52919 0.345385 0.536723 0.355852 0.532015 0.36156 0.519774 0.358706 0.508475 0.351094 0.5 0.338725 0.503766
0 0.371075 0.528249 0.370124 0.541431 0.375833 0.548023 0.394862 0.546139 0.402474 0.536723 0.401522 0.527307 0.395814 0.522599 0.376784 0.522599
0 0.133206 0.56403 0.132255 0.574388 0.140818 0.585687 0.156042 0.584746 0.163654 0.576271 0.160799 0.561205 0.144624 0.55838
0 0.0437678 0.573446 0.0428164 0.590395 0.0504282 0.601695 0.0808754 0.605461 0.0865842 0.600753 0.0846813 0.582863 0.0713606 0.567797 0.056137 0.566855
0 0.0770695 0.656309 0.0770695 0.672316 0.094196 0.682674 0.10942 0.681733 0.12274 0.66855 0.119886 0.648776 0.105614 0.637476 0.0903901 0.641243
0 0.0494767 0.619586 0.0494767 0.63371 0.0570885 0.643126 0.0675547 0.645009 0.0799239 0.637476 0.0827783 0.630885 0.0799239 0.619586 0.0666032 0.614878 0.0551855 0.614878
0 0.00285442 0.612994 0 0.613936 0 0.653484 0.0209324 0.658192 0.0304472 0.655367 0.036156 0.645951 0.036156 0.622411 0.0323501 0.612053
0 0.130352 0.538606 0.131304 0.548023 0.138915 0.551789 0.149382 0.549906 0.156993 0.543315 0.156042 0.535782 0.150333 0.532015 0.135109 0.533898
0 0.0894386 0.542373 0.0913416 0.556497 0.11608 0.557439 0.121789 0.549906 0.117983 0.54049 0.110371 0.536723 0.0980019 0.536723
0 0.0466223 0.538606 0.0485252 0.555556 0.076118 0.555556 0.0780209 0.539548 0.0732636 0.533898 0.056137 0.532015
0 0.018078 0.539548 0.0171265 0.549906 0.019981 0.552731 0.036156 0.552731 0.0342531 0.538606
0 0.000951475 0.532957 0 0.550847 0.00285442 0.550847 0.00856327 0.539548
0 0.166508 0.526365 0.165557 0.536723 0.170314 0.542373 0.179829 0.54049 0.188392 0.532015 0.184586 0.522599
0 0.196955 0.510358 0.196955 0.519774 0.202664 0.524482 0.211227 0.522599 0.215033 0.517891 0.209324 0.507533
0 0.249286 0.480226 0.242626 0.483992 0.249286 0.49435 0.26451 0.490584 0.265461 0.484934 0.260704 0.481168
0 0.321598 0.436911 0.319696 0.444444 0.328259 0.449153 0.337774 0.442561 0.340628 0.435028 0.333968 0.431262
0 0.343482 0.451977 0.343482 0.463277 0.351094 0.472693 0.364415 0.467985 0.372978 0.458569 0.372027 0.452919 0.357755 0.443503 0.350143 0.444444
0 0.367269 0.426554 0.369172 0.43597 0.379638 0.444444 0.394862 0.444444 0.401522 0.43597 0.401522 0.42467 0.389153 0.414313 0.378687 0.413371
0 0.385347 0.384181 0.38725 0.398305 0.399619 0.40678 0.411037 0.408663 0.423406 0.400188 0.427212 0.383239 0.416746 0.37194 0.40628 0.367232 0.392008 0.374765
0 0.0237869 0.765537 0.0266413 0.778719 0.0342531 0.783427 0.0494767 0.781544 0.0551855 0.772128 0.0523311 0.758004 0.0475737 0.754237 0.0294957 0.757062
0 0.0589914 0.792844 0.0570885 0.801318 0.0637488 0.813559 0.0770695 0.817326 0.0884872 0.80791 0.0894386 0.79661 0.0818268 0.777778 0.0694577 0.778719
0 0.0913416 0.819209 0.0894386 0.830508 0.0951475 0.845574 0.104662 0.847458 0.119886 0.838041 0.120837 0.822976 0.115128 0.809793 0.100856 0.809793
0 0.0152236 0.812618 0.0161751 0.827684 0.0294957 0.838983 0.0399619 0.838041 0.0523311 0.822976 0.0504282 0.809793 0.0399619 0.801318 0.0313987 0.80226
0 0.0038059 0.835217 0 0.8371 0 0.86629 0.0114177 0.86629 0.0190295 0.86064 0.0218839 0.847458 0.0142721 0.8371
0 0.00475737 0.878531 0 0.880414 0 0.902072 0.0152236 0.90113 0.0218839 0.894539 0.0218839 0.886064 0.0142721 0.878531
0 0.0323501 0.861582 0.036156 0.884181 0.0409134 0.887947 0.056137 0.885122 0.0608944 0.872881 0.0589914 0.858757 0.0428164 0.854049
0 0.0608944 0.832392 0.0618459 0.845574 0.0675547 0.851224 0.074215 0.850282 0.0780209 0.841808 0.0751665 0.83145 0.0647003 0.829567
0 0.0770695 0.867232 0.0751665 0.880414 0.0780209 0.887006 0.0951475 0.892655 0.103711 0.886064 0.104662 0.872881 0.0989534 0.858757 0.0846813 0.859699
0 0.00475737 0.915254 0 0.916196 0 0.953861 0.0218839 0.955744 0.0294957 0.942561 0.0275928 0.920904
0 0.0418649 0.925612 0.0409134 0.938795 0.0456708 0.944444 0.0542341 0.943503 0.0627973 0.935028 0.0570885 0.921846 0.0485252 0.920904
0 0.094196 0.90678 0.0932445 0.915254 0.100856 0.925612 0.113225 0.926554 0.12274 0.917137 0.123692 0.908663 0.11608 0.899247 0.108468 0.898305
0 0.139867 0.861582 0.137964 0.878531 0.150333 0.885122 0.158896 0.875706 0.157945 0.86629 0.153187 0.858757
0 0.14177 0.820151 0.143673 0.8371 0.154139 0.843691 0.159848 0.841808 0.166508 0.829567 0.164605 0.816384 0.153187 0.809793
0 0.170314 0.852166 0.169363 0.86629 0.173168 0.873823 0.185538 0.877589 0.194101 0.872881 0.198858 0.864407 0.198858 0.854991 0.191246 0.844633 0.178877 0.843691
0 0.182683 0.800377 0.176974 0.811676 0.181732 0.827684 0.196004 0.827684 0.209324 0.817326 0.209324 0.809793 0.197907 0.794727 0.191246 0.793785
0 0.207422 0.838041 0.210276 0.850282 0.219791 0.851224 0.222645 0.848399 0.224548 0.843691 0.220742 0.832392 0.21313 0.832392
0 0.211227 0.86629 0.210276 0.880414 0.220742 0.883239 0.2255 0.878531 0.223597 0.865348
0 0.268316 0.827684 0.267364 0.839925 0.272122 0.844633 0.283539 0.846516 0.294957 0.836158 0.294957 0.827684 0.286394 0.819209 0.276879 0.819209
0 0.288297 0.789077 0.288297 0.801318 0.294006 0.809793 0.304472 0.812618 0.311132 0.808851 0.316841 0.792844 0.307326 0.777778 0.299715 0.775895
0 0.308278 0.83145 0.309229 0.847458 0.331113 0.848399 0.333968 0.838041 0.327307 0.826742 0.313987 0.824859
0 0.30352 0.877589 0.304472 0.894539 0.310181 0.903013 0.331113 0.905838 0.344434 0.896422 0.345385 0.882298 0.333968 0.862524 0.312084 0.864407
0 0.274976 0.887947 0.274025 0.89548 0.277831 0.90113 0.293054 0.900188 0.293054 0.889831 0.288297 0.882298 0.280685 0.882298
0 0.239772 0.843691 0.240723 0.856874 0.254044 0.855932 0.255947 0.848399 0.250238 0.84275
0 0.355852 0.869115 0.352997 0.87194 0.355852 0.894539 0.372978 0.897363 0.384396 0.893597 0.385347 0.882298 0.377735 0.869115 0.371075 0.86629
0 0.345385 0.835217 0.344434 0.848399 0.34824 0.854049 0.372978 0.854991 0.379638 0.850282 0.386299 0.833333 0.376784 0.819209 0.364415 0.816384 0.3549 0.821092
0 0.389153 0.854991 0.388202 0.870056 0.396765 0.884181 0.420552 0.881356 0.421503 0.872881 0.411037 0.852166 0.395814 0.847458
0 0.425309 0.851224 0.425309 0.86629 0.434824 0.876648 0.449096 0.877589 0.459562 0.872881 0.466223 0.864407 0.457659 0.843691 0.446242 0.835217 0.43197 0.8371
0 0.403425 0.822976 0.402474 0.832392 0.410086 0.838983 0.418649 0.8371 0.423406 0.83145 0.423406 0.820151 0.4196 0.816384 0.409134 0.815443
0 0.385347 0.794727 0.384396 0.80791 0.391056 0.811676 0.398668 0.804143 0.399619 0.797552 0.392959 0.79096
0 0.356803 0.784369 0.357755 0.794727 0.362512 0.799435 0.372027 0.797552 0.376784 0.79096 0.376784 0.781544 0.369172 0.774953 0.362512 0.776836
0 0.368221 0.731638 0.367269 0.751412 0.371075 0.759887 0.388202 0.769303 0.396765 0.76742 0.402474 0.741055 0.394862 0.720339 0.378687 0.721281
0 0.465271 0.835217 0.466223 0.852166 0.480495 0.863465 0.499524 0.862524 0.508088 0.846516 0.506185 0.838041 0.491912 0.821092 0.478592 0.822976
0 0.500476 0.79096 0.502379 0.822034 0.509039 0.832392 0.517602 0.836158 0.534729 0.832392 0.549001 0.818267 0.550904 0.804143 0.536632 0.782486 0.518554 0.778719
0 0.414843 0.786252 0.413892 0.793785 0.424358 0.797552 0.424358 0.785311 0.417697 0.783427
0 0.440533 0.770245 0.439581 0.780603 0.443387 0.786252 0.460514 0.787194 0.46432 0.783427 0.466223 0.771186 0.455756 0.76177 0.448145 0.76177
0 0.483349 0.752354 0.482398 0.772128 0.485252 0.776836 0.493815 0.776836 0.506185 0.769303 0.508088 0.756121 0.50333 0.746704
0 0.43863 0.719397 0.437678 0.733522 0.44529 0.744821 0.463368 0.747646 0.473834 0.741996 0.475737 0.719397 0.470029 0.710923 0.458611 0.709981
0 0.494767 0.708098 0.490961 0.728814 0.493815 0.73258 0.504282 0.733522 0.513796 0.72693 0.514748 0.714689 0.507136 0.704331 0.500476 0.702448
0 0.530923 0.706215 0.532826 0.725989 0.542341 0.729755 0.548049 0.727872 0.553758 0.721281 0.552807 0.710923 0.539486 0.702448
0 0.549952 0.739171 0.545195 0.747646 0.548049 0.755179 0.553758 0.756121 0.56137 0.751412 0.563273 0.741055 0.559467 0.736347
0 0.549952 0.778719 0.549952 0.785311 0.557564 0.792844 0.565176 0.793785 0.570885 0.789077 0.564225 0.768362 0.555661 0.768362
0 0.573739 0.751412 0.574691 0.764595 0.588011 0.780603 0.599429 0.776836 0.607041 0.769303 0.596575 0.745763 0.583254 0.744821
0 0.602284 0.727872 0.605138 0.746704 0.618459 0.762712 0.630828 0.763653 0.646051 0.752354 0.647003 0.734463 0.630828 0.715631 0.61941 0.714689
0 0.569933 0.715631 0.570885 0.73258 0.579448 0.73258 0.58706 0.727872 0.588011 0.722222 0.583254 0.716573
0 0.551855 0.671375 0.552807 0.685499 0.562322 0.691149 0.571836 0.691149 0.581351 0.682674 0.582303 0.673258 0.574691 0.6629 0.56137 0.6629
0 0.594672 0.696798 0.595623 0.707156 0.603235 0.708098 0.608944 0.702448 0.603235 0.69209
0 0.65176 0.70904 0.652712 0.729755 0.659372 0.734463 0.673644 0.736347 0.68411 0.721281 0.68411 0.713748 0.67745 0.706215 0.661275 0.698682
0 0.601332 0.656309 0.598478 0.66855 0.605138 0.677966 0.627973 0.677966 0.627973 0.661017 0.623216 0.652542 0.614653 0.648776
0 0.567079 0.619586 0.567079 0.641243 0.571836 0.647834 0.588011 0.650659 0.598478 0.643126 0.602284 0.631827 0.596575 0.621469 0.584206 0.614878
0 0.666032 0.670433 0.667935 0.694915 0.681256 0.704331 0.697431 0.705273 0.705994 0.701507 0.720266 0.682674 0.717412 0.663842 0.701237 0.651601 0.678402 0.653484
0 0.616556 0.612994 0.614653 0.626177 0.623216 0.637476 0.637488 0.63936 0.644148 0.635593 0.649857 0.618644 0.646051 0.607345 0.631779 0.602637
0 0.579448 0.578154 0.579448 0.59322 0.58706 0.60452 0.599429 0.607345 0.614653 0.596987 0.615604 0.580038 0.606089 0.568738 0.590866 0.565913
0 0.527117 0.528249 0.526166 0.544256 0.548049 0.570621 0.563273 0.573446 0.581351 0.559322 0.585157 0.532957 0.581351 0.522599 0.573739 0.516949 0.548049 0.511299 0.534729 0.516949
0 0.600381 0.521657 0.598478 0.537665 0.602284 0.555556 0.616556 0.564972 0.637488 0.561205 0.647954 0.539548 0.647954 0.531073 0.642245 0.520716 0.62607 0.513183 0.611798 0.511299
0 0.712655 0.630885 0.711703 0.640301 0.719315 0.655367 0.726927 0.661959 0.734539 0.661959 0.750714 0.649718 0.757374 0.627119 0.748811 0.615819 0.736441 0.612994 0.721218 0.617702
0 0.745956 0.578154 0.745956 0.59887 0.753568 0.610169 0.765937 0.618644 0.780209 0.616761 0.79353 0.601695 0.798287 0.590395 0.796384 0.571563 0.780209 0.561205 0.757374 0.564972
0 0.656518 0.506591 0.656518 0.521657 0.667935 0.537665 0.686965 0.54049 0.702188 0.532015 0.705043 0.513183 0.692674 0.49435 0.669838 0.491525
0 0.65176 0.555556 0.653663 0.57533 0.665081 0.576271 0.671741 0.571563 0.675547 0.560264 0.672693 0.550847 0.660324 0.548023
0 0.747859 0.52919 0.745956 0.54049 0.751665 0.549906 0.764986 0.549906 0.771646 0.546139 0.772598 0.536723 0.76784 0.531073 0.755471 0.525424
0 0.607992 0.478343 0.606089 0.490584 0.613701 0.504708 0.637488 0.504708 0.647954 0.495292 0.650809 0.475518 0.642245 0.466102 0.61941 0.467985
0 0.532826 0.45951 0.531874 0.474576 0.539486 0.49435 0.549952 0.499058 0.565176 0.499058 0.579448 0.492467 0.579448 0.478343 0.56803 0.463277 0.546147 0.455744
0 0.572788 0.428437 0.571836 0.445386 0.585157 0.462335 0.600381 0.467043 0.616556 0.45951 0.621313 0.440678 0.61275 0.427495 0.59372 0.422787 0.577545 0.42467
0 0.553758 0.393597 0.553758 0.40678 0.570885 0.416196 0.597526 0.404896 0.602284 0.380414 0.595623 0.370998 0.5804 0.369115 0.563273 0.377589
0 0.506185 0.370056 0.50333 0.385122 0.509039 0.398305 0.518554 0.404896 0.532826 0.404896 0.540438 0.392655 0.539486 0.372881 0.527117 0.361582 0.519505 0.361582
0 0.541389 0.341808 0.538535 0.353107 0.549001 0.36629 0.560419 0.363465 0.572788 0.352166 0.575642 0.344633 0.573739 0.336158 0.565176 0.330508 0.55471 0.332392
0 0.517602 0.306968 0.516651 0.313559 0.52236 0.324859 0.536632 0.327684 0.556613 0.315443 0.562322 0.298493 0.550904 0.281544 0.540438 0.277778 0.525214 0.291902
0 0.482398 0.263653 0.482398 0.282486 0.505233 0.297552 0.52236 0.275895 0.527117 0.252354 0.519505 0.243879 0.508088 0.242938 0.489058 0.254237
0 0.459562 0.311676 0.459562 0.322976 0.472883 0.334275 0.485252 0.332392 0.492864 0.324859 0.490961 0.306968 0.473834 0.295669
0 0.422455 0.346516 0.423406 0.359699 0.435775 0.370056 0.44529 0.36629 0.456708 0.353107 0.452902 0.338041 0.444339 0.330508 0.433873 0.333333
0 0.441484 0.286252 0.437678 0.303202 0.442436 0.306026 0.453853 0.298493 0.457659 0.284369 0.448145 0.279661
0 0.459562 0.260829 0.459562 0.270245 0.467174 0.272128 0.472883 0.258004 0.465271 0.254237
0 0.476689 0.231638 0.473834 0.242938 0.483349 0.244821 0.490961 0.230697 0.482398 0.225989
0 0.487155 0.19774 0.487155 0.211864 0.492864 0.218456 0.506185 0.221281 0.515699 0.212806 0.515699 0.198682 0.507136 0.189266 0.495718 0.188324
0 0.555661 0.235405 0.55471 0.255179 0.56137 0.269303 0.575642 0.283427 0.594672 0.280603 0.608944 0.251412 0.606089 0.225989 0.599429 0.220339 0.576594 0.217514 0.562322 0.224105
0 0.505233 0.153484 0.501427 0.164783 0.504282 0.171375 0.518554 0.181733 0.527117 0.178908 0.533777 0.16855 0.530923 0.150659 0.515699 0.145951
0 0.530923 0.0885122 0.531874 0.103578 0.544244 0.106403 0.549952 0.102637 0.549952 0.0951036 0.542341 0.086629 0.532826 0.0856874
0 0.533777 0.047081 0.531874 0.0602637 0.534729 0.0677966 0.547098 0.0753296 0.555661 0.0743879 0.56137 0.0677966 0.559467 0.047081 0.551855 0.0414313 0.539486 0.0423729
0 0.528069 0.120527 0.525214 0.126177 0.527117 0.132768 0.537583 0.132768 0.538535 0.121469 0.534729 0.118644
0 0.575642 0.066855 0.576594 0.0875706 0.590866 0.0960452 0.599429 0.0960452 0.615604 0.0838041 0.620362 0.0564972 0.605138 0.0461394 0.59372 0.0461394 0.578497 0.0546139
0 0.633682 0.079096 0.632731 0.0885122 0.640343 0.0998117 0.65176 0.102637 0.666032 0.0988701 0.67745 0.0819209 0.678402 0.0630885 0.666032 0.0536723 0.643197 0.0555556 0.637488 0.0630885
0 0.693625 0.0715631 0.692674 0.0979284 0.699334 0.106403 0.712655 0.111111 0.745005 0.109228 0.753568 0.102637 0.764986 0.0819209 0.764986 0.0743879 0.75452 0.059322 0.736441 0.0489642 0.714558 0.0499058 0.70314 0.0546139
0 0.698382 0.132768 0.695528 0.148776 0.70314 0.164783 0.726927 0.167608 0.744053 0.151601 0.746908 0.136535 0.744053 0.129944 0.73549 0.124294 0.716461 0.122411
0 0.628925 0.147834 0.629876 0.16855 0.647003 0.185499 0.666984 0.183616 0.681256 0.170433 0.681256 0.145009 0.67745 0.136535 0.667935 0.129002 0.647003 0.131827
0 0.658421 0.216573 0.656518 0.225047 0.660324 0.233522 0.681256 0.242938 0.70314 0.235405 0.7098 0.22693 0.708849 0.212806 0.692674 0.20339 0.67079 0.211864 0.663178 0.209981
0 0.672693 0.270245 0.674596 0.289077 0.687916 0.304143 0.710752 0.300377 0.723121 0.290019 0.721218 0.269303 0.710752 0.258004 0.682207 0.26177
0 0.7098 0.317326 0.7098 0.332392 0.724072 0.353107 0.745005 0.353107 0.759277 0.338041 0.762131 0.318267 0.759277 0.310734 0.747859 0.300377 0.730733 0.30226
0 0.674596 0.345574 0.674596 0.358757 0.681256 0.363465 0.694577 0.363465 0.704091 0.354991 0.70314 0.343691 0.695528 0.332392 0.687916 0.332392
0 0.702188 0.379473 0.70314 0.393597 0.713606 0.400188 0.72883 0.400188 0.739296 0.389831 0.73549 0.369115 0.723121 0.364407 0.708849 0.369115
0 0.719315 0.450094 0.717412 0.463277 0.723121 0.47081 0.734539 0.472693 0.741199 0.468927 0.745956 0.453861 0.739296 0.444444 0.725975 0.44162
0 0.743102 0.493409 0.744053 0.504708 0.75452 0.512241 0.764986 0.508475 0.771646 0.497175 0.766889 0.484934 0.756422 0.479284 0.748811 0.481168
0 0.777355 0.511299 0.776403 0.520716 0.782112 0.526365 0.79353 0.519774 0.789724 0.510358 0.781161 0.508475
0 0.785918 0.542373 0.787821 0.557439 0.797336 0.562147 0.807802 0.562147 0.81922 0.554614 0.818268 0.542373 0.804948 0.53484 0.79353 0.533898
0 0.829686 0.463277 0.829686 0.482109 0.843007 0.493409 0.857279 0.490584 0.869648 0.47081 0.863939 0.460452 0.846813 0.453861 0.837298 0.454802
0 0.848716 0.425612 0.848716 0.436911 0.854424 0.449153 0.875357 0.450094 0.88392 0.442561 0.884872 0.429379 0.875357 0.419962 0.859182 0.417137
0 0.812559 0.423729 0.808754 0.432203 0.815414 0.442561 0.827783 0.445386 0.834443 0.44162 0.835395 0.428437 0.831589 0.420904 0.820171 0.419962
0 0.764034 0.438795 0.758325 0.450094 0.758325 0.45951 0.764034 0.467043 0.772598 0.469868 0.794481 0.45951 0.797336 0.448211 0.790676 0.438795 0.782112 0.43597
0 0.734539 0.411488 0.733587 0.420904 0.737393 0.425612 0.76118 0.42467 0.764986 0.420904 0.764034 0.409605 0.753568 0.402072 0.743102 0.403013
0 0.714558 0.536723 0.712655 0.543315 0.716461 0.548964 0.724072 0.549906 0.72883 0.546139 0.729781 0.541431 0.724072 0.53484
0 0.7098 0.483051 0.708849 0.49435 0.713606 0.499058 0.722169 0.498117 0.725024 0.495292 0.724072 0.484934
0 0.697431 0.553672 0.695528 0.56403 0.701237 0.567797 0.706946 0.56403 0.706946 0.55838
0 0.752617 0.36629 0.752617 0.385122 0.764986 0.394539 0.782112 0.393597 0.79353 0.385122 0.796384 0.368173 0.789724 0.358757 0.766889 0.353107
0 0.775452 0.327684 0.7745 0.336158 0.779258 0.341808 0.788773 0.345574 0.795433 0.34275 0.797336 0.329567 0.791627 0.322034 0.784015 0.319209
0 0.879163 0.344633 0.880114 0.363465 0.898192 0.370998 0.907707 0.37194 0.91627 0.368173 0.924833 0.352166 0.919125 0.334275 0.911513 0.329567 0.892483 0.329567 0.882969 0.335217
0 0.545195 0.0169492 0.547098 0.0291902 0.563273 0.0320151 0.567079 0.0178908 0.564225 0.00847458 0.549952 0.0112994
0 0.579448 0 0.581351 0.0301318 0.598478 0.0357815 0.616556 0.0357815 0.62607 0.0301318 0.628925 0
0 0.643197 0 0.642245 0.0291902 0.647003 0.0386064 0.672693 0.0414313 0.679353 0.0376648 0.686013 0.0244821 0.683159 0
0 0.755471 0 0.697431 0 0.699334 0.0291902 0.705043 0.0367232 0.716461 0.0414313 0.747859 0.0357815 0.758325 0.0207156
0 0.791627 0.0150659 0.79353 0.0320151 0.80019 0.0376648 0.820171 0.0376648 0.831589 0.0235405 0.829686 0.00753296 0.820171 0 0.802093 0
0 0.797336 0.0527307 0.795433 0.0706215 0.802093 0.0762712 0.816365 0.0772128 0.82588 0.0706215 0.826832 0.0602637 0.821123 0.0508475 0.806851 0.0489642
0 0.787821 0.101695 0.78687 0.113936 0.796384 0.126177 0.807802 0.129002 0.827783 0.119586 0.829686 0.094162 0.82588 0.0903955 0.809705 0.0885122 0.796384 0.0913371
0 0.788773 0.160075 0.789724 0.177966 0.799239 0.185499 0.814462 0.186441 0.833492 0.1742 0.83254 0.154426 0.81922 0.143126 0.794481 0.149718
0 0.766889 0.213748 0.769743 0.229755 0.784015 0.237288 0.795433 0.233522 0.802093 0.22693 0.808754 0.204331 0.795433 0.195857 0.784015 0.194915
0 0.867745 0 0.843007 0.00188324 0.85157 0.0131827 0.856327 0.0131827 0.864891 0.00847458
0 0.901998 0.0546139 0.90295 0.0649718 0.915319 0.0640301 0.913416 0.0527307 0.905804 0.0508475
0 0.839201 0.132768 0.839201 0.141243 0.84491 0.148776 0.869648 0.136535 0.867745 0.127119 0.857279 0.123352 0.846813 0.125235
0 0.841104 0.0696798 0.840152 0.0781544 0.845861 0.0885122 0.856327 0.0885122 0.862988 0.0828625 0.863939 0.0715631 0.859182 0.0612053
0 0.878211 0.109228 0.879163 0.122411 0.893435 0.119586 0.895338 0.110169 0.89058 0.10452
0 0.803996 0.265537 0.802093 0.277778 0.805899 0.286252 0.810657 0.29096 0.828735 0.290019 0.833492 0.275895 0.818268 0.263653
0 0.772598 0.282486 0.770695 0.289077 0.776403 0.299435 0.782112 0.303202 0.79353 0.300377 0.794481 0.288136 0.787821 0.277778 0.777355 0.277778
0 0.840152 0.29661 0.839201 0.305085 0.848716 0.313559 0.855376 0.311676 0.861085 0.303202 0.85823 0.294727 0.852521 0.291902
0 0.838249 0.322976 0.833492 0.327684 0.834443 0.334275 0.848716 0.335217 0.850618 0.327684 0.845861 0.322976
0 0.843007 0.242938 0.843958 0.257062 0.848716 0.259887 0.855376 0.258004 0.859182 0.253296 0.856327 0.239171 0.849667 0.23823
0 0.807802 0.240113 0.806851 0.244821 0.818268 0.248588 0.823977 0.243879 0.824929 0.234463 0.817317 0.23258
0 0.884872 0.26177 0.88392 0.268362 0.889629 0.276836 0.899144 0.277778 0.905804 0.27307 0.90295 0.256121 0.889629 0.255179
0 0.899144 0.0838041 0.897241 0.0932203 0.901047 0.0988701 0.915319 0.0960452 0.913416 0.079096 0.905804 0.0781544
0 0.664129 0.62806 0.663178 0.637476 0.672693 0.641243 0.675547 0.636535 0.673644 0.629944
0 0.840152 0.40113 0.839201 0.408663 0.843958 0.411488 0.85157 0.407721 0.854424 0.398305 0.848716 0.393597
