0 0.469426 0.684431 0.467545 0.700104 0.472248 0.710554 0.4873 0.721003 0.502352 0.721003 0.529633 0.704284 0.5381 0.69279 0.540922 0.678161 0.531515 0.662487 0.507056 0.657262 0.483537 0.667712
0 0.433678 0.727273 0.432738 0.740857 0.440263 0.746082 0.44873 0.746082 0.465663 0.733542 0.467545 0.723093 0.462841 0.716823 0.44873 0.715778
0 0.379116 0.736677 0.379116 0.754441 0.395108 0.760711 0.414864 0.751306 0.420508 0.729363 0.414864 0.721003 0.399812 0.717868 0.388523 0.724138
0 0.413923 0.684431 0.412982 0.703239 0.418627 0.707419 0.434619 0.707419 0.450611 0.695925 0.455315 0.680251 0.44873 0.667712 0.428034 0.663532 0.421449 0.668757
0 0.465663 0.758621 0.468485 0.772205 0.489182 0.77534 0.504233 0.76698 0.5127 0.751306 0.504233 0.737722 0.4873 0.735632 0.476011 0.743992
0 0.526811 0.731452 0.527752 0.748171 0.543744 0.754441 0.568203 0.737722 0.572907 0.718913 0.565381 0.711599 0.553151 0.708464 0.535278 0.717868
0 0.555033 0.673981 0.554092 0.68861 0.571025 0.700104 0.581373 0.700104 0.58984 0.69488 0.599247 0.678161 0.598307 0.665622 0.58984 0.658307 0.5635 0.663532
0 0.614299 0.658307 0.61524 0.677116 0.630292 0.682341 0.654751 0.666667 0.660395 0.656217 0.654751 0.644723 0.642521 0.640543 0.625588 0.643678
0 0.650047 0.68861 0.648166 0.69697 0.659454 0.722048 0.682973 0.715778 0.698024 0.698015 0.698024 0.689655 0.690499 0.676071 0.67921 0.667712 0.670743 0.667712
0 0.588899 0.723093 0.58984 0.742947 0.598307 0.755486 0.605833 0.759666 0.624647 0.754441 0.64064 0.739812 0.649106 0.726228 0.646284 0.714734 0.637817 0.703239 0.623706 0.69697 0.60301 0.706374
0 0.558796 0.763845 0.562559 0.781609 0.569144 0.785789 0.580433 0.782654 0.594544 0.768025 0.593603 0.761755 0.579492 0.749216 0.571966 0.750261
0 0.507056 0.784744 0.506115 0.795193 0.510818 0.807732 0.521167 0.816092 0.53904 0.815047 0.549389 0.808777 0.555974 0.797283 0.555033 0.778474 0.542803 0.768025 0.522107 0.76907
0 0.444967 0.809822 0.447789 0.834901 0.462841 0.84744 0.490122 0.84117 0.507056 0.820272 0.50047 0.798328 0.488241 0.789969 0.462841 0.791014
0 0.363123 0.838036 0.362183 0.850575 0.366886 0.866249 0.373471 0.874608 0.391345 0.879833 0.422389 0.863114 0.432738 0.85162 0.43556 0.834901 0.434619 0.825496 0.428034 0.815047 0.418627 0.809822 0.403575 0.808777 0.376294 0.822362
0 0.334901 0.868339 0.33302 0.877743 0.338664 0.890282 0.353716 0.889237 0.364064 0.874608 0.35936 0.861024 0.352775 0.856844 0.339605 0.862069
0 0.296331 0.884013 0.300094 0.900731 0.309501 0.905956 0.321731 0.904911 0.331138 0.893417 0.328316 0.876698 0.316087 0.868339 0.302916 0.871473
0 0.225776 0.905956 0.224835 0.914316 0.233302 0.931034 0.251176 0.926855 0.257761 0.912226 0.257761 0.901776 0.249294 0.893417 0.239887 0.894462
0 0.181562 0.918495 0.177799 0.934169 0.186265 0.945664 0.206021 0.947753 0.221072 0.935214 0.219191 0.91954 0.212606 0.913271 0.188147 0.913271
0 0.145814 0.938349 0.142992 0.941484 0.144873 0.957158 0.163688 0.957158 0.172154 0.949843 0.172154 0.938349 0.16651 0.932079
0 0.110066 0.939394 0.109125 0.948798 0.11477 0.957158 0.133584 0.954023 0.134525 0.942529 0.129821 0.937304 0.112888 0.934169
0 0.0714958 0.940439 0.0714958 0.951933 0.0790216 0.955068 0.0874882 0.956113 0.098777 0.945664 0.0950141 0.932079 0.0865475 0.928945 0.0752587 0.932079
0 0.0263405 0.939394 0.028222 0.954023 0.046096 0.964472 0.0536218 0.962382 0.0649106 0.949843 0.0630292 0.936259 0.0507996 0.928945 0.0329257 0.931034
0 0.00376294 0.932079 0 0.933124 0 0.963427 0.0112888 0.959248 0.0206961 0.948798 0.0188147 0.934169
0 0.261524 0.900731 0.260583 0.91954 0.268109 0.92999 0.283161 0.928945 0.301035 0.914316 0.300094 0.907001 0.288805 0.891327 0.277516 0.892372
0 0.25588 0.871473 0.254939 0.882968 0.257761 0.885057 0.277516 0.881923 0.286924 0.874608 0.292568 0.859979 0.288805 0.855799 0.273754 0.856844
0 0.246472 0.823406 0.246472 0.838036 0.252117 0.84326 0.262465 0.844305 0.287865 0.834901 0.293509 0.819227 0.289746 0.806688 0.270931 0.803553 0.258702 0.808777
0 0.261524 0.76907 0.261524 0.785789 0.276576 0.788924 0.29539 0.780564 0.300094 0.77534 0.302916 0.761755 0.29445 0.752351 0.286924 0.751306 0.265287 0.761755
0 0.316087 0.749216 0.315146 0.760711 0.318909 0.76698 0.336783 0.77116 0.355597 0.763845 0.364064 0.751306 0.364064 0.743992 0.354657 0.733542 0.342427 0.732497 0.324553 0.738767
0 0.348071 0.788924 0.349012 0.808777 0.365945 0.814002 0.390405 0.799373 0.395108 0.792059 0.395108 0.781609 0.389464 0.772205 0.377234 0.77116 0.362183 0.77534
0 0.411101 0.772205 0.407338 0.788924 0.418627 0.798328 0.434619 0.797283 0.451552 0.77534 0.449671 0.765935 0.444026 0.760711 0.424271 0.760711
0 0.338664 0.704284 0.337723 0.709509 0.344309 0.716823 0.352775 0.722048 0.365945 0.723093 0.380997 0.715778 0.388523 0.706374 0.390405 0.695925 0.387582 0.68861 0.380056 0.683386 0.362183 0.681296 0.347131 0.689655
0 0.279398 0.712644 0.276576 0.724138 0.279398 0.735632 0.297272 0.739812 0.321731 0.727273 0.326435 0.706374 0.317968 0.69697 0.302916 0.69488 0.285042 0.701149
0 0.219191 0.733542 0.21825 0.749216 0.227658 0.761755 0.242709 0.761755 0.260583 0.749216 0.260583 0.739812 0.253998 0.729363 0.234243 0.726228
0 0.193791 0.797283 0.19285 0.812957 0.199436 0.824451 0.221072 0.825496 0.227658 0.824451 0.240828 0.810867 0.247413 0.791014 0.240828 0.778474 0.221072 0.77534 0.203198 0.782654
0 0.17968 0.868339 0.177799 0.882968 0.183443 0.894462 0.194732 0.898642 0.213547 0.897597 0.223895 0.894462 0.237065 0.879833 0.240828 0.861024 0.23048 0.84326 0.216369 0.84117 0.199436 0.844305
0 0.302916 0.835946 0.303857 0.854754 0.324553 0.862069 0.325494 0.857889 0.342427 0.85162 0.352775 0.833856 0.344309 0.821317 0.329257 0.819227 0.310442 0.825496
0 0.302916 0.793103 0.301976 0.802508 0.308561 0.810867 0.323612 0.807732 0.33302 0.798328 0.332079 0.786834 0.325494 0.781609 0.317027 0.781609
0 0.139229 0.912226 0.140169 0.92372 0.15334 0.924765 0.168391 0.91954 0.174036 0.905956 0.168391 0.898642 0.159925 0.898642 0.148636 0.902821
0 0.0921919 0.903866 0.0912512 0.915361 0.098777 0.922675 0.113829 0.92163 0.122295 0.914316 0.119473 0.903866 0.111007 0.898642
0 0.0470367 0.904911 0.046096 0.915361 0.056444 0.92163 0.074318 0.920585 0.0780809 0.915361 0.0714958 0.899687 0.056444 0.899687
0 0.00376294 0.909091 0.00376294 0.91745 0.014111 0.92372 0.0253998 0.924765 0.0338664 0.916405 0.0319849 0.908046 0.0253998 0.902821 0.0112888 0.903866
0 0.014111 0.872518 0.0150517 0.881923 0.0253998 0.890282 0.0432738 0.890282 0.0536218 0.879833 0.0526811 0.872518 0.0413923 0.863114 0.0253998 0.863114
0 0.070555 0.864159 0.0696143 0.881923 0.0837253 0.888192 0.0968956 0.886102 0.107244 0.869383 0.105362 0.861024 0.0968956 0.854754 0.084666 0.855799
0 0.129821 0.872518 0.131703 0.885057 0.144873 0.889237 0.15428 0.885057 0.161806 0.876698 0.162747 0.869383 0.156162 0.861024 0.142051 0.861024
0 0.0837253 0.809822 0.0827846 0.827586 0.0903104 0.83908 0.100659 0.84326 0.121355 0.836991 0.133584 0.818182 0.129821 0.806688 0.113829 0.796238 0.0893697 0.800418
0 0.0827846 0.754441 0.0827846 0.77116 0.0978363 0.785789 0.11571 0.782654 0.130762 0.759666 0.128881 0.751306 0.112888 0.741902 0.0912512 0.743992
0 0.028222 0.788924 0.0272813 0.797283 0.0319849 0.806688 0.0489182 0.817137 0.0686736 0.809822 0.0761994 0.796238 0.074318 0.781609 0.060207 0.77325 0.042333 0.77534
0 0.0150517 0.726228 0.014111 0.740857 0.0206961 0.753396 0.0301035 0.759666 0.0649106 0.756531 0.0724365 0.748171 0.0752587 0.736677 0.0714958 0.719958 0.0489182 0.704284 0.0319849 0.707419
0 0.0837253 0.706374 0.0856068 0.723093 0.0968956 0.732497 0.112888 0.730408 0.124177 0.712644 0.120414 0.698015 0.109125 0.691745 0.0931326 0.695925
0 0.139229 0.700104 0.138288 0.714734 0.148636 0.724138 0.164628 0.723093 0.174036 0.717868 0.180621 0.706374 0.17968 0.698015 0.169332 0.68652 0.146754 0.68861
0 0.171214 0.758621 0.173095 0.76907 0.190969 0.772205 0.199436 0.765935 0.202258 0.747126 0.19191 0.737722
0 0.0432738 0.838036 0.0442145 0.84953 0.0583255 0.852665 0.0686736 0.846395 0.0714958 0.831766 0.056444 0.825496
0 0.150517 0.792059 0.149577 0.806688 0.157103 0.811912 0.171214 0.808777 0.176858 0.800418 0.168391 0.787879
0 0.0103481 0.802508 0 0.802508 0 0.830721 0.00940734 0.829676 0.0169332 0.823406 0.0178739 0.806688
0 0.0968956 0.643678 0.098777 0.671891 0.10254 0.681296 0.111947 0.684431 0.142051 0.682341 0.155221 0.668757 0.159925 0.654127 0.158984 0.641588 0.151458 0.626959 0.136406 0.62069 0.118532 0.62069 0.098777 0.636364
0 0.00658514 0.607106 0 0.61442 0 0.643678 0.0103481 0.654127 0.0338664 0.660397 0.0470367 0.657262 0.0545626 0.649948 0.0620884 0.632184 0.0611477 0.6186 0.0555033 0.611285 0.0432738 0.601881 0.0329257 0.599791 0.0150517 0.600836
0 0.0733772 0.601881 0.0752587 0.619645 0.0874882 0.628004 0.101599 0.626959 0.117592 0.61024 0.11571 0.590387 0.101599 0.585162 0.084666 0.587252
0 0.117592 0.565308 0.120414 0.584117 0.131703 0.592476 0.152399 0.588297 0.159925 0.574713 0.158043 0.563218 0.145814 0.550679 0.130762 0.549634
0 0.128881 0.505747 0.129821 0.521421 0.139229 0.53396 0.148636 0.539185 0.172154 0.53396 0.180621 0.524556 0.183443 0.514107 0.182502 0.496343 0.168391 0.485893 0.142051 0.492163
0 0.0611477 0.495298 0.0611477 0.516196 0.0790216 0.528736 0.100659 0.527691 0.11477 0.512017 0.113829 0.497388 0.101599 0.482759 0.0780809 0.483804
0 0.00376294 0.491118 0 0.494253 0 0.514107 0.00940734 0.528736 0.0319849 0.530825 0.0442145 0.520376 0.0498589 0.508882 0.0470367 0.499478 0.0310442 0.486938
0 0.00470367 0.543365 0 0.550679 0 0.573668 0.0112888 0.587252 0.0301035 0.588297 0.0432738 0.578892 0.0498589 0.562173 0.0451552 0.545455 0.0310442 0.53814 0.0150517 0.53814
0 0.0620884 0.549634 0.0630292 0.569488 0.074318 0.580982 0.0921919 0.578892 0.105362 0.563218 0.103481 0.549634 0.0940734 0.53814 0.070555 0.53814
0 0.253057 0.660397 0.254939 0.681296 0.273754 0.691745 0.287865 0.687565 0.296331 0.671891 0.29539 0.662487 0.28222 0.653083 0.264346 0.652038
0 0.309501 0.658307 0.310442 0.676071 0.321731 0.684431 0.343368 0.679206 0.353716 0.664577 0.349953 0.648903 0.331138 0.639498 0.319849 0.641588
0 0.365945 0.654127 0.365945 0.667712 0.376294 0.675026 0.391345 0.668757 0.398871 0.655172 0.394167 0.646813 0.38476 0.643678 0.376294 0.644723
0 0.345249 0.61233 0.344309 0.623824 0.350894 0.635319 0.376294 0.637409 0.398871 0.619645 0.401693 0.597701 0.390405 0.587252 0.362183 0.588297 0.348071 0.600836
0 0.403575 0.630094 0.405456 0.646813 0.426152 0.649948 0.43556 0.639498 0.438382 0.626959 0.433678 0.6186 0.424271 0.617555
0 0.44873 0.633229 0.446849 0.642633 0.454374 0.657262 0.47413 0.660397 0.497648 0.645768 0.501411 0.619645 0.491063 0.611285 0.472248 0.61024 0.460019 0.61651
0 0.528692 0.621735 0.528692 0.643678 0.540922 0.653083 0.5635 0.646813 0.574788 0.624869 0.571966 0.61024 0.56444 0.602926 0.543744 0.607106
0 0.495767 0.580982 0.494826 0.598746 0.507056 0.61024 0.520226 0.611285 0.529633 0.606061 0.539981 0.590387 0.53904 0.578892 0.527752 0.568443 0.5127 0.569488
0 0.413923 0.576803 0.413923 0.589342 0.425212 0.603971 0.454374 0.606061 0.476952 0.592476 0.4873 0.573668 0.488241 0.556949 0.47413 0.53814 0.453434 0.53605 0.427093 0.549634 0.417686 0.561129
0 0.366886 0.549634 0.365945 0.570533 0.376294 0.577847 0.393227 0.575758 0.408278 0.556949 0.407338 0.545455 0.39793 0.537095 0.376294 0.539185
0 0.343368 0.498433 0.340546 0.519331 0.344309 0.528736 0.352775 0.53396 0.368768 0.535005 0.377234 0.530825 0.386642 0.517241 0.386642 0.494253 0.378175 0.487983 0.35936 0.484848
0 0.306679 0.449321 0.296331 0.45977 0.296331 0.467085 0.308561 0.492163 0.328316 0.496343 0.351834 0.475444 0.351834 0.45768 0.34619 0.446186 0.32079 0.442006
0 0.203198 0.469175 0.202258 0.484848 0.210724 0.498433 0.238946 0.500522 0.252117 0.491118 0.25682 0.456635 0.245532 0.447231 0.222954 0.448276 0.215428 0.452456
0 0.137347 0.470219 0.139229 0.479624 0.149577 0.482759 0.160865 0.478579 0.168391 0.46604 0.164628 0.460815 0.148636 0.45977
0 0.269991 0.415883 0.262465 0.432602 0.271872 0.449321 0.293509 0.453501 0.313264 0.434692 0.315146 0.416928 0.302916 0.402299 0.287865 0.402299
0 0.315146 0.373041 0.317027 0.390805 0.323612 0.397074 0.337723 0.398119 0.363123 0.388715 0.367827 0.380355 0.368768 0.365726 0.365945 0.356322 0.348071 0.351097 0.324553 0.362591
0 0.35842 0.410658 0.357479 0.423197 0.363123 0.438871 0.376294 0.449321 0.39699 0.454545 0.407338 0.453501 0.418627 0.444096 0.428034 0.431557 0.431797 0.414838 0.428034 0.399164 0.413923 0.386625 0.403575 0.38349 0.380056 0.388715
0 0.434619 0.435737 0.431797 0.451411 0.439323 0.462905 0.460019 0.46395 0.471308 0.449321 0.470367 0.436782 0.462841 0.425287 0.451552 0.424242
0 0.449671 0.494253 0.44873 0.501567 0.455315 0.516196 0.464722 0.523511 0.480715 0.523511 0.492004 0.518286 0.504233 0.503657 0.506115 0.479624 0.497648 0.46604 0.483537 0.462905 0.462841 0.472309
0 0.497648 0.527691 0.496707 0.545455 0.508937 0.557994 0.531515 0.555904 0.546566 0.541275 0.543744 0.520376 0.532455 0.504702 0.507056 0.509927
0 0.547507 0.552769 0.547507 0.576803 0.559737 0.591432 0.587018 0.585162 0.597366 0.573668 0.60207 0.556949 0.596425 0.54023 0.581373 0.53605 0.560677 0.541275
0 0.60207 0.583072 0.601129 0.598746 0.606773 0.605016 0.619944 0.605016 0.62841 0.596656 0.630292 0.584117 0.622766 0.574713 0.611477 0.575758
0 0.667921 0.625914 0.66698 0.643678 0.670743 0.653083 0.685795 0.656217 0.70461 0.640543 0.709313 0.621735 0.702728 0.60815 0.686736 0.607106 0.674506 0.615465
0 0.695202 0.659352 0.696143 0.675026 0.708373 0.687565 0.727187 0.681296 0.738476 0.665622 0.716839 0.645768 0.710254 0.646813
0 0.718721 0.621735 0.716839 0.630094 0.722484 0.643678 0.740357 0.657262 0.762935 0.649948 0.776105 0.626959 0.775165 0.6186 0.753528 0.601881 0.739417 0.603971
0 0.754468 0.569488 0.753528 0.591432 0.759172 0.600836 0.779868 0.613375 0.787394 0.61233 0.79492 0.603971 0.799624 0.578892 0.792098 0.564263 0.768579 0.556949 0.761054 0.559039
0 0.699906 0.572623 0.698965 0.587252 0.703669 0.598746 0.713076 0.607106 0.724365 0.606061 0.746002 0.588297 0.749765 0.563218 0.747883 0.549634 0.737535 0.54023 0.724365 0.541275 0.70555 0.553814
0 0.639699 0.552769 0.637817 0.569488 0.642521 0.580982 0.66604 0.589342 0.682032 0.578892 0.690499 0.546499 0.682032 0.530825 0.66604 0.528736 0.649106 0.53605
0 0.606773 0.525601 0.606773 0.53605 0.613358 0.543365 0.627469 0.543365 0.64158 0.526646 0.643462 0.507837 0.636877 0.500522 0.623706 0.502612 0.61524 0.508882
0 0.637817 0.458725 0.639699 0.486938 0.658514 0.495298 0.676388 0.485893 0.687676 0.454545 0.681091 0.442006 0.663217 0.437827 0.648166 0.444096
0 0.686736 0.494253 0.689558 0.521421 0.698024 0.529781 0.713076 0.535005 0.726246 0.530825 0.74318 0.518286 0.750706 0.490073 0.740357 0.46604 0.718721 0.46186 0.700847 0.46813
0 0.691439 0.396029 0.687676 0.405434 0.687676 0.422153 0.700847 0.443051 0.725306 0.449321 0.737535 0.444096 0.752587 0.430512 0.757291 0.397074 0.751646 0.3814 0.740357 0.371996 0.713076 0.374086 0.700847 0.382445
0 0.643462 0.398119 0.64064 0.414838 0.648166 0.427377 0.658514 0.428422 0.672625 0.420063 0.675447 0.405434 0.671684 0.398119 0.656632 0.392894
0 0.595484 0.431557 0.596425 0.448276 0.609595 0.45768 0.626529 0.454545 0.634055 0.434692 0.630292 0.420063 0.618062 0.413793 0.60207 0.419018
0 0.00752587 0.836991 0.00658514 0.84535 0.0103481 0.84953 0.0206961 0.84953 0.0188147 0.836991
0 0.444967 0.38349 0.443086 0.398119 0.454374 0.411703 0.472248 0.412748 0.483537 0.404389 0.485419 0.376176 0.476952 0.363636 0.460019 0.365726
0 0.407338 0.351097 0.408278 0.366771 0.417686 0.374086 0.428975 0.375131 0.444967 0.363636 0.451552 0.344828 0.440263 0.329154 0.428975 0.327064 0.420508 0.331243
0 0.368768 0.321839 0.367827 0.338558 0.374412 0.347962 0.380997 0.350052 0.398871 0.338558 0.403575 0.317659 0.400753 0.306165 0.389464 0.30094 0.383819 0.30303
0 0.400753 0.263323 0.402634 0.290491 0.418627 0.294671 0.4365 0.282132 0.444967 0.254963 0.440263 0.245559 0.424271 0.240334 0.414864 0.244514
0 0.445908 0.282132 0.440263 0.30094 0.445908 0.312435 0.459078 0.323929 0.47413 0.323929 0.492944 0.30303 0.495767 0.278997 0.492004 0.270637 0.480715 0.261233 0.470367 0.260188 0.454374 0.265413
0 0.486359 0.329154 0.486359 0.352142 0.493885 0.361546 0.515522 0.357367 0.523989 0.349007 0.52587 0.328109 0.518344 0.312435 0.49953 0.314525
0 0.541863 0.358412 0.539981 0.376176 0.548448 0.38558 0.558796 0.38767 0.571966 0.373041 0.572907 0.355277 0.565381 0.342738 0.550329 0.342738
0 0.507996 0.275862 0.507996 0.289446 0.518344 0.30512 0.539981 0.298851 0.547507 0.283177 0.544685 0.264368 0.539981 0.260188 0.515522 0.263323
0 0.55127 0.296761 0.555974 0.322884 0.57667 0.332288 0.593603 0.319749 0.600188 0.30094 0.600188 0.283177 0.588899 0.272727 0.567262 0.272727
0 0.609595 0.321839 0.614299 0.341693 0.630292 0.346917 0.64158 0.337513 0.647225 0.320794 0.639699 0.304075 0.633114 0.298851 0.621825 0.297806 0.614299 0.306165
0 0.652869 0.350052 0.650047 0.368861 0.658514 0.380355 0.67921 0.384535 0.69238 0.376176 0.697084 0.352142 0.685795 0.335423 0.675447 0.330199 0.667921 0.331243 0.659454 0.337513
0 0.762935 0.454545 0.759172 0.462905 0.761054 0.480669 0.765757 0.484848 0.777046 0.484848 0.791157 0.477534 0.799624 0.458725 0.799624 0.449321 0.79492 0.438871 0.785513 0.436782 0.772342 0.442006
0 0.806209 0.424242 0.805268 0.439916 0.810913 0.450366 0.819379 0.454545 0.832549 0.451411 0.843838 0.431557 0.842897 0.419018 0.835372 0.407524 0.813735 0.412748
0 0.847601 0.400209 0.847601 0.413793 0.855127 0.428422 0.875823 0.429467 0.887112 0.414838 0.888993 0.382445 0.877705 0.369906 0.862653 0.371996 0.853246 0.38349
0 0.883349 0.352142 0.883349 0.365726 0.896519 0.37722 0.918156 0.364681 0.920978 0.343783 0.911571 0.337513 0.894638 0.334378
0 0.886171 0.30512 0.88523 0.314525 0.892756 0.327064 0.903104 0.331243 0.920978 0.331243 0.928504 0.324974 0.934149 0.31139 0.932267 0.283177 0.928504 0.277952 0.896519 0.280042
0 0.890875 0.246604 0.889934 0.254963 0.896519 0.272727 0.914393 0.273772 0.930386 0.268548 0.932267 0.247649 0.923801 0.236155 0.899341 0.231975
0 0.862653 0.268548 0.863594 0.30094 0.866416 0.30512 0.874882 0.30512 0.880527 0.30094 0.888993 0.282132 0.888053 0.264368 0.882408 0.259143 0.869238 0.259143
0 0.851364 0.334378 0.855127 0.359457 0.865475 0.362591 0.879586 0.345873 0.882408 0.326019 0.877705 0.317659 0.869238 0.315569 0.859831 0.319749
0 0.80809 0.365726 0.806209 0.3814 0.812794 0.396029 0.822201 0.398119 0.837253 0.39185 0.844779 0.362591 0.836312 0.351097 0.819379 0.347962 0.810913 0.355277
0 0.771402 0.402299 0.770461 0.413793 0.778928 0.423197 0.793979 0.421108 0.800564 0.408568 0.795861 0.392894 0.786453 0.386625 0.777987 0.390805
0 0.751646 0.344828 0.753528 0.365726 0.765757 0.376176 0.776105 0.376176 0.785513 0.370951 0.798683 0.349007 0.790216 0.319749 0.776105 0.315569 0.761054 0.324974
0 0.702728 0.331243 0.70555 0.349007 0.715898 0.358412 0.727187 0.359457 0.741298 0.346917 0.746002 0.320794 0.738476 0.308255 0.726246 0.306165 0.713076 0.31348
0 0.66604 0.286311 0.667921 0.30721 0.677328 0.318704 0.695202 0.315569 0.706491 0.30303 0.706491 0.280042 0.695202 0.267503 0.676388 0.272727
0 0.711195 0.2372 0.714017 0.268548 0.720602 0.273772 0.738476 0.269592 0.748824 0.250784 0.746943 0.23302 0.727187 0.222571
0 0.742239 0.285266 0.741298 0.293626 0.746002 0.30303 0.764817 0.308255 0.776105 0.292581 0.777987 0.274817 0.767639 0.262278 0.755409 0.263323
0 0.787394 0.286311 0.787394 0.30094 0.795861 0.3093 0.804327 0.30721 0.813735 0.290491 0.80715 0.274817 0.793039 0.276907
0 0.819379 0.30512 0.818438 0.314525 0.824083 0.330199 0.838194 0.330199 0.84572 0.30721 0.843838 0.296761 0.830668 0.294671
0 0.813735 0.248694 0.813735 0.261233 0.824083 0.278997 0.838194 0.280042 0.849483 0.269592 0.853246 0.243469 0.844779 0.23093 0.825024 0.231975
0 0.778928 0.238245 0.777987 0.253918 0.784572 0.263323 0.79492 0.263323 0.803387 0.253918 0.805268 0.241379 0.799624 0.23302 0.784572 0.23302
0 0.74318 0.189133 0.74412 0.212121 0.754468 0.225705 0.776105 0.225705 0.786453 0.213166 0.790216 0.188088 0.780809 0.172414 0.764817 0.170324 0.757291 0.173459
0 0.798683 0.197492 0.798683 0.215256 0.809031 0.22466 0.82032 0.222571 0.829727 0.203762 0.825024 0.189133 0.814675 0.182863 0.80715 0.184953
0 0.861712 0.216301 0.861712 0.243469 0.869238 0.249739 0.883349 0.247649 0.892756 0.227795 0.888053 0.208986 0.869238 0.206897
0 0.867357 0.15674 0.861712 0.165099 0.864534 0.189133 0.875823 0.199582 0.890875 0.197492 0.905927 0.173459 0.902164 0.15883 0.886171 0.14838 0.875823 0.149425
0 0.784572 0.143156 0.785513 0.16092 0.800564 0.172414 0.814675 0.168234 0.825964 0.15047 0.825024 0.132706 0.809972 0.120167 0.796802 0.125392
0 0.732832 0.128527 0.732832 0.147335 0.746943 0.161964 0.761994 0.16092 0.773283 0.147335 0.773283 0.128527 0.764817 0.117032 0.748824 0.113898 0.737535 0.120167
0 0.662277 0.227795 0.656632 0.2372 0.657573 0.248694 0.664158 0.259143 0.667921 0.259143 0.67921 0.247649 0.684854 0.23093 0.674506 0.220481
0 0.619003 0.239289 0.612418 0.253918 0.612418 0.272727 0.622766 0.287356 0.627469 0.288401 0.637817 0.284222 0.643462 0.276907 0.645343 0.250784 0.634055 0.236155 0.624647 0.23511
0 0.53904 0.207941 0.541863 0.242424 0.546566 0.251829 0.559737 0.259143 0.575729 0.260188 0.585136 0.256008 0.60207 0.23511 0.60301 0.205852 0.587959 0.189133 0.571966 0.183908 0.559737 0.184953
0 0.47413 0.220481 0.475071 0.2372 0.483537 0.250784 0.507996 0.253918 0.518344 0.248694 0.52587 0.238245 0.529633 0.212121 0.511759 0.190178 0.497648 0.190178 0.478833 0.203762
0 0.4365 0.184953 0.431797 0.196447 0.431797 0.217346 0.4365 0.23093 0.445908 0.23511 0.4619 0.22884 0.473189 0.199582 0.469426 0.188088 0.456256 0.176594 0.445908 0.177638
0 0.439323 0.129572 0.438382 0.143156 0.446849 0.165099 0.462841 0.165099 0.475071 0.15674 0.476011 0.124347 0.468485 0.110763 0.459078 0.108673 0.44873 0.113898
0 0.489182 0.144201 0.490122 0.16092 0.505174 0.175549 0.516463 0.173459 0.532455 0.149425 0.52587 0.128527 0.518344 0.121212 0.505174 0.119122 0.493885 0.130617
0 0.544685 0.142111 0.541863 0.157785 0.55127 0.172414 0.569144 0.176594 0.578551 0.169279 0.584196 0.144201 0.573848 0.129572 0.556914 0.128527
0 0.616181 0.180773 0.616181 0.202717 0.622766 0.217346 0.62841 0.221526 0.644403 0.220481 0.656632 0.214211 0.66698 0.187043 0.664158 0.169279 0.656632 0.159875 0.647225 0.15674 0.630292 0.16092 0.621825 0.168234
0 0.591722 0.114943 0.591722 0.136886 0.600188 0.14629 0.626529 0.14838 0.634995 0.143156 0.637817 0.117032 0.62841 0.0992685 0.619003 0.0950888 0.603951 0.0982236
0 0.652869 0.107628 0.656632 0.141066 0.676388 0.153605 0.697084 0.151515 0.70461 0.132706 0.714958 0.123302 0.715898 0.106583 0.711195 0.092999 0.69238 0.077325 0.667921 0.0825496
0 0.612418 0.0522466 0.612418 0.0710554 0.624647 0.0856844 0.645343 0.0846395 0.660395 0.0679206 0.660395 0.0428422 0.651929 0.031348 0.642521 0.0261233 0.626529 0.0271682 0.617121 0.0365726
0 0.561618 0.0282132 0.560677 0.0428422 0.571025 0.061651 0.585136 0.0658307 0.600188 0.0553814 0.606773 0.0282132 0.593603 0.00940439 0.587959 0.00626959 0.571025 0.0135841
0 0.5127 0.0125392 0.510818 0.0365726 0.522107 0.0491118 0.532455 0.0512017 0.539981 0.0480669 0.553151 0.0323929 0.555033 0.0114943 0.549389 0 0.519285 0
0 0.462841 0.0710554 0.460019 0.0898642 0.468485 0.100313 0.485419 0.092999 0.495767 0.0752351 0.491063 0.0574713 0.480715 0.0512017 0.473189 0.0543365
0 0.510818 0.0856844 0.510818 0.105538 0.52587 0.109718 0.539981 0.092999 0.540922 0.0731452 0.535278 0.0668757 0.521167 0.0658307
0 0.554092 0.0846395 0.552211 0.104493 0.562559 0.113898 0.572907 0.115987 0.584196 0.106583 0.586077 0.0909091 0.579492 0.077325 0.5635 0.0741902
0 0.667921 0.00940439 0.667921 0.0334378 0.677328 0.0543365 0.685795 0.061651 0.706491 0.0574713 0.71778 0.0323929 0.71778 0.0198537 0.713076 0.0104493 0.699906 0 0.67921 0
0 0.74412 0.0114943 0.74318 0.0261233 0.755409 0.0480669 0.773283 0.0470219 0.784572 0.0365726 0.788335 0.0188088 0.78175 0.00208986 0.751646 0
0 0.786453 0.0595611 0.786453 0.0825496 0.796802 0.101358 0.80809 0.109718 0.821261 0.110763 0.835372 0.104493 0.850423 0.0804598 0.850423 0.0626959 0.84572 0.0470219 0.824083 0.030303 0.799624 0.0355277
0 0.839135 0.121212 0.840075 0.137931 0.850423 0.149425 0.85889 0.14838 0.864534 0.142111 0.873001 0.123302 0.871119 0.113898 0.864534 0.108673 0.84572 0.111808
0 0.886171 0.111808 0.886171 0.133751 0.901223 0.14838 0.913452 0.145246 0.926623 0.123302 0.923801 0.107628 0.905927 0.0971787 0.894638 0.100313
0 0.892756 0.0564263 0.892756 0.0710554 0.904045 0.0888192 0.921919 0.0940439 0.93603 0.0825496 0.93603 0.0626959 0.920978 0.0407524 0.906867 0.0397074
0 0.852305 0.0167189 0.851364 0.0292581 0.862653 0.0480669 0.881468 0.0501567 0.886171 0.0470219 0.890875 0.0240334 0.88429 0.00940439 0.866416 0.0031348
0 0.84572 0 0.801505 0 0.801505 0.00522466 0.813735 0.0177638 0.825964 0.0188088 0.838194 0.0125392
0 0.861712 0.077325 0.860771 0.0846395 0.869238 0.0950888 0.880527 0.0940439 0.887112 0.0846395 0.886171 0.0752351 0.879586 0.0679206 0.868297 0.0689655
0 0.907808 0 0.904045 0.00731452 0.905927 0.0219436 0.911571 0.0271682 0.920978 0.0250784 0.928504 0.014629 0.924741 0
0 0.931326 0.0261233 0.931326 0.0428422 0.93603 0.0532915 0.947319 0.0637409 0.96143 0.061651 0.972719 0.0323929 0.970837 0.015674 0.967074 0.0114943 0.938852 0.0114943
0 0.840075 0.207941 0.840075 0.216301 0.847601 0.218391 0.857008 0.211076 0.859831 0.202717 0.856068 0.195402 0.851364 0.194357
0 0.832549 0.168234 0.831609 0.177638 0.835372 0.182863 0.841016 0.183908 0.847601 0.177638 0.849483 0.170324 0.84666 0.164054 0.837253 0.163009
0 0.584196 0.624869 0.583255 0.640543 0.591722 0.645768 0.610536 0.628004 0.611477 0.621735 0.597366 0.61442
