0 0.48125 0.3884297520661157 0.46041666666666664 0.39433293978748524 0.4510416666666667 0.4049586776859504 0.4479166666666667 0.4179456906729634 0.45729166666666665 0.45336481700118064 0.47708333333333336 0.47461629279811096 0.48854166666666665 0.47461629279811096 0.5104166666666666 0.4628099173553719 0.5135416666666667 0.4592680047225502 0.5104166666666666 0.45690672963400236 0.5145833333333333 0.448642266824085 0.5135416666666667 0.43919716646989376 0.521875 0.4332939787485242 0.5114583333333333 0.4049586776859504 0.4875 0.3884297520661157
0 0.475 0.5064935064935064 0.46145833333333336 0.5076741440377804 0.44895833333333335 0.5147579693034239 0.43645833333333334 0.5324675324675324 0.4375 0.5608028335301063 0.4510416666666667 0.5749704840613932 0.459375 0.5785123966942148 0.484375 0.5761511216056671 0.490625 0.5714285714285714 0.49895833333333334 0.5560802833530106 0.49895833333333334 0.5230224321133412 0.49270833333333336 0.51357733175915 0.48125 0.5064935064935064
0 0.4305552083333334 0.44037780401416765 0.41875 0.44037780401416765 0.403125 0.448642266824085 0.4 0.45218417945690675 0.40208333333333335 0.46989374262101535 0.3958333333333333 0.4757969303423849 0.39895833333333336 0.500590318772137 0.4270833333333333 0.5206611570247934 0.434375 0.5206611570247934 0.44583333333333336 0.512396694214876 0.4552083333333333 0.5017709563164109 0.459375 0.4887839433293979 0.459375 0.46989374262101535 0.4552083333333333 0.45454545454545453 0.44895833333333335 0.44510035419126326 0.43645833333333334 0.44037780401416765
0 0.5192708333333333 0.33293978748524206 0.5020833333333333 0.33766233766233766 0.4875 0.358913813459268 0.4947916666666667 0.3837072018890201 0.5177083333333333 0.3990554899645809 0.5416666666666666 0.3919716646989374 0.55 0.36717827626918537 0.540625 0.3412042502951594 0.525 0.33293978748524206
0 0.5807291666666666 0.3624557260920897 0.5625 0.36481700118063753 0.5552083333333333 0.3695395513577332 0.5479166666666667 0.39315230224321135 0.5479166666666667 0.4014167650531287 0.5541666666666667 0.4167650531286895 0.5697916666666667 0.42857142857142855 0.5854166666666667 0.42739079102715466 0.5958333333333333 0.41912632821723733 0.5989583333333334 0.4155844155844156 0.596875 0.41086186540731995 0.6010416666666667 0.4037780401416765 0.6010416666666667 0.39315230224321135 0.6052083333333333 0.39315230224321135 0.6010416666666667 0.37662337662337664 0.5875 0.3624557260920897
0 0.5458333333333333 0.43211334120425027 0.5291666666666667 0.44155844155844154 0.5270833333333333 0.4604486422668241 0.5395833333333333 0.48406139315230223 0.5541666666666667 0.4935064935064935 0.5604166666666667 0.4935064935064935 0.5822916666666667 0.4769775678866588 0.5833333333333334 0.4557260920897285 0.5635416666666667 0.4344746162927981 0.546875 0.43211334120425027
0 0.5552083333333333 0.500590318772137 0.5416666666666666 0.5041322314049587 0.5291666666666667 0.5182998819362455 0.5291666666666667 0.5466351829988194 0.5385416666666667 0.5619834710743802 0.55 0.5678866587957497 0.5677083333333334 0.5690672963400236 0.5791666666666667 0.5560802833530106 0.5802083333333333 0.5395513577331759 0.5708333333333333 0.5076741440377804 0.5604166666666667 0.500590318772137
0 0.51875 0.5489964580873672 0.50625 0.5525383707201889 0.5 0.5690672963400236 0.503125 0.5903187721369539 0.5114583333333333 0.5997638724911453 0.528125 0.5985832349468713 0.5395833333333333 0.5844155844155844 0.5395833333333333 0.5702479338842975 0.5260416666666666 0.5501770956316411 0.5197916666666667 0.5501770956316411
0 0.5427083333333333 0.5938606847697757 0.5302083333333333 0.6033057851239669 0.525 0.6292798110979929 0.534375 0.6434474616292798 0.5510416666666667 0.6528925619834711 0.5604166666666667 0.6528925619834711 0.571875 0.6434474616292798 0.5760416666666667 0.6186540731995277 0.565625 0.6009445100354192 0.54375 0.5950413223140496
0 0.48020833333333335 0.5844155844155844 0.4635416666666667 0.5926800472255017 0.46041666666666664 0.6056670602125147 0.4666666666666667 0.6198347107438017 0.48854166666666665 0.6292798110979929 0.5 0.6198347107438017 0.5010416666666667 0.5997638724911453 0.49895833333333334 0.5914994096812278 0.4875 0.5844155844155844
0 0.5078125 0.6292798110979929 0.49166666666666664 0.6351829988193625 0.48541666666666666 0.6422668240850059 0.4822916666666667 0.6564344746162928 0.48333333333333334 0.667060212514758 0.490625 0.6824085005903188 0.5010416666666667 0.6894923258559622 0.51875 0.6894923258559622 0.5333333333333333 0.6682408500590319 0.5333333333333333 0.6576151121605667 0.5270833333333333 0.641086186540732 0.51875 0.6304604486422668 0.5135416666666667 0.6292798110979929
0 0.55625 0.6623376623376623 0.5427083333333333 0.6717827626918536 0.5385416666666667 0.6883116883116883 0.5520833333333334 0.7107438016528925 0.5708333333333333 0.7131050767414404 0.5802083333333333 0.7001180637544274 0.5822916666666667 0.6788665879574971 0.5729166666666666 0.6646989374262101 0.5645833333333333 0.6623376623376623
0 0.596875 0.6304604486422668 0.5864583333333333 0.6328217237308147 0.5802083333333333 0.6458087367178277 0.58125 0.6635182998819362 0.5947916666666667 0.6741440377804014 0.603125 0.6729634002361276 0.615625 0.6646989374262101 0.6197916666666666 0.6505312868949232 0.61875 0.6434474616292798 0.609375 0.6328217237308147 0.6 0.6304604486422668
0 0.584375 0.5702479338842975 0.5739583333333333 0.5796930342384888 0.571875 0.5985832349468713 0.58125 0.615112160566706 0.596875 0.6210153482880756 0.6125 0.6009445100354192 0.60625 0.5796930342384888 0.6 0.5726092089728453 0.590625 0.5702479338842975
0 0.6020833333333333 0.5242030696576151 0.59375 0.5312868949232585 0.590625 0.5478158205430933 0.6020833333333333 0.5631641086186541 0.6135416666666667 0.564344746162928 0.6208333333333333 0.5584415584415584 0.6239583333333333 0.5419126328217237 0.615625 0.526564344746163 0.6083333333333333 0.5242030696576151
0 0.6427083333333333 0.4852420306965762 0.6270833333333333 0.4982290436835891 0.6291666666666667 0.5289256198347108 0.64375 0.5442739079102715 0.6614583333333334 0.5478158205430933 0.6739583333333333 0.525383707201889 0.6729166666666667 0.5159386068476978 0.6645833333333333 0.4935064935064935 0.646875 0.4852420306965762
0 0.5927083333333333 0.4781582054309327 0.584375 0.4852420306965762 0.5833333333333334 0.4970484061393152 0.5916666666666667 0.5088547815820543 0.6041666666666666 0.512396694214876 0.6135416666666667 0.5041322314049587 0.6166666666666667 0.4911452184179457 0.6020833333333333 0.4781582054309327
0 0.6229166666666667 0.41912632821723733 0.6020833333333333 0.42384887839433294 0.5947916666666667 0.4380165289256198 0.5947916666666667 0.45218417945690675 0.6072916666666667 0.4734356552538371 0.6260416666666667 0.4817001180637544 0.64375 0.4757969303423849 0.6520833333333333 0.4462809917355372 0.65 0.43211334120425027 0.6427083333333333 0.42384887839433294 0.6291666666666667 0.41912632821723733
0 0.625 0.36481700118063753 0.615625 0.3754427390791027 0.6114583333333333 0.3919716646989374 0.61875 0.4049586776859504 0.6270833333333333 0.41204250295159384 0.64375 0.4049586776859504 0.6479166666666667 0.39669421487603307 0.6427083333333333 0.3695395513577332 0.6333333333333333 0.36481700118063753
0 0.603125 0.29279811097992914 0.5916666666666667 0.29515938606847697 0.58125 0.30578512396694213 0.5729166666666666 0.3282172373081464 0.5739583333333333 0.33884297520661155 0.5802083333333333 0.3482880755608028 0.596875 0.358913813459268 0.61875 0.3530106257378985 0.6270833333333333 0.3317591499409681 0.6239583333333333 0.30814639905548996 0.609375 0.29279811097992914
0 0.5458333333333333 0.28689492325855964 0.521875 0.29279811097992914 0.5166666666666667 0.3010625737898465 0.521875 0.3246753246753247 0.5354166666666667 0.33293978748524206 0.55625 0.3270365997638725 0.5635416666666667 0.3140495867768595 0.5583333333333333 0.29634002361275086 0.546875 0.28807556080283353
0 0.4583333333333333 0.30342384887839435 0.446875 0.30460448642266824 0.43645833333333334 0.3140495867768595 0.434375 0.32231404958677684 0.4395833333333333 0.33884297520661155 0.45208333333333334 0.3530106257378985 0.48125 0.35182998819362454 0.4875 0.3447461629279811 0.48854166666666665 0.3305785123966942 0.4822916666666667 0.3140495867768595 0.46770833333333334 0.30342384887839435
0 0.42916666666666664 0.3447461629279811 0.4083333333333333 0.35064935064935066 0.4010416666666667 0.3612750885478158 0.39895833333333336 0.37662337662337664 0.40208333333333335 0.38961038961038963 0.41354166666666664 0.4037780401416765 0.43333333333333335 0.4085005903187721 0.44583333333333336 0.4002361275088548 0.453125 0.38134592680047225 0.453125 0.3730814639905549 0.4322916666666667 0.3447461629279811
0 0.39114583333333336 0.3955135773317591 0.38125 0.39669421487603307 0.36875 0.4085005903187721 0.36770833333333336 0.42857142857142855 0.37395833333333334 0.43919716646989376 0.39375 0.44391971664698937 0.409375 0.4344746162927981 0.4125 0.42266824085005905 0.4083333333333333 0.40731995277449823 0.396875 0.3955135773317591
0 0.34375 0.4297520661157025 0.3333333333333333 0.4332939787485242 0.32708333333333334 0.45690672963400236 0.33541666666666664 0.46989374262101535 0.33645833333333336 0.4805194805194805 0.35208333333333336 0.48642266824085006 0.3614583333333333 0.48406139315230223 0.36875 0.4757969303423849 0.3729166666666667 0.45808736717827625 0.371875 0.4462809917355372 0.36666666666666664 0.43683589138134593 0.3489583333333333 0.4297520661157025
0 0.30364583333333334 0.46635182998819363 0.29270833333333335 0.46989374262101535 0.2875 0.4793388429752066 0.290625 0.5171192443919717 0.29583333333333334 0.5218417945690673 0.3145833333333333 0.5230224321133412 0.321875 0.5194805194805194 0.325 0.512396694214876 0.328125 0.48642266824085006 0.32395833333333335 0.4757969303423849 0.309375 0.46635182998819363
0 0.39895833333333336 0.5182998819362455 0.38333333333333336 0.5289256198347108 0.38125 0.5501770956316411 0.38645833333333335 0.5655253837072018 0.3927083333333333 0.5726092089728453 0.41041666666666665 0.5749704840613932 0.42083333333333334 0.5667060212514758 0.4239583333333333 0.5466351829988194 0.41458333333333336 0.5218417945690673 0.40520833333333334 0.5182998819362455
0 0.3416666666666667 0.5242030696576151 0.334375 0.5324675324675324 0.3375 0.5572609208972845 0.35208333333333336 0.5690672963400236 0.36354166666666665 0.5667060212514758 0.371875 0.5560802833530106 0.3729166666666667 0.5407319952774499 0.3697916666666667 0.5324675324675324 0.3572916666666667 0.525383707201889 0.34375 0.526564344746163
0 0.30833333333333335 0.5430932703659976 0.2916666666666667 0.551357733175915 0.2864583333333333 0.5608028335301063 0.2864583333333333 0.5726092089728453 0.290625 0.5832349468713105 0.30625 0.5938606847697757 0.3229166666666667 0.5855962219598583 0.32916666666666666 0.5749704840613932 0.328125 0.551357733175915 0.31666666666666665 0.5430932703659976
0 0.36770833333333336 0.5785123966942148 0.35833333333333334 0.5844155844155844 0.35208333333333336 0.6033057851239669 0.36041666666666666 0.6162927981109799 0.3770833333333333 0.6186540731995277 0.384375 0.615112160566706 0.3875 0.5962219598583235 0.38125 0.5820543093270366 0.37395833333333334 0.5785123966942148
0 0.453125 0.6245572609208973 0.434375 0.6316410861865407 0.4270833333333333 0.6481700118063755 0.43020833333333336 0.667060212514758 0.4479166666666667 0.6812278630460449 0.459375 0.6788665879574971 0.47291666666666665 0.6682408500590319 0.46979166666666666 0.6635182998819362 0.47291666666666665 0.6505312868949232 0.4708333333333333 0.6399055489964581 0.4666666666666667 0.6316410861865407 0.45416666666666666 0.6245572609208973
0 0.3645833333333333 0.6552538370720189 0.35625 0.6564344746162928 0.34270833333333334 0.667060212514758 0.33958333333333335 0.6788665879574971 0.340625 0.6989374262101535 0.35208333333333336 0.7154663518299882 0.3729166666666667 0.7201889020070839 0.3854166666666667 0.7131050767414404 0.3927083333333333 0.6871310507674144 0.384375 0.6635182998819362 0.3697916666666667 0.6552538370720189
0 0.4197916666666667 0.6741440377804014 0.40520833333333334 0.680047225501771 0.4 0.6942148760330579 0.4 0.7095631641086186 0.40520833333333334 0.7237308146399055 0.41770833333333335 0.7331759149940968 0.4375 0.7272727272727273 0.44375 0.7095631641086186 0.44166666666666665 0.6859504132231405 0.42291666666666666 0.6741440377804014
0 0.40208333333333335 0.6210153482880756 0.396875 0.6221959858323495 0.39166666666666666 0.6292798110979929 0.3875 0.6481700118063755 0.3927083333333333 0.6646989374262101 0.40625 0.6717827626918536 0.415625 0.6658795749704841 0.421875 0.6434474616292798 0.4197916666666667 0.6328217237308147 0.41041666666666665 0.6221959858323495 0.40520833333333334 0.6210153482880756
0 0.46875 0.6847697756788665 0.46041666666666664 0.6894923258559622 0.4552083333333333 0.6977567886658795 0.45625 0.7142857142857143 0.46979166666666666 0.7284533648170012 0.4947916666666667 0.7225501770956316 0.4979166666666667 0.717827626918536 0.4947916666666667 0.6965761511216056 0.490625 0.6894923258559622 0.475 0.6847697756788665
0 0.51875 0.7012987012987013 0.5072916666666667 0.7095631641086186 0.5041666666666667 0.7284533648170012 0.5104166666666666 0.7414403778040142 0.525 0.7461629279811098 0.5333333333333333 0.7378984651711924 0.5354166666666667 0.7213695395513577 0.5291666666666667 0.7072018890200709 0.521875 0.7012987012987013
0 0.553125 0.7225501770956316 0.5427083333333333 0.7343565525383707 0.5427083333333333 0.7520661157024794 0.5489583333333333 0.7603305785123967 0.5635416666666667 0.7615112160566706 0.5708333333333333 0.7544273907910272 0.575 0.7343565525383707 0.5708333333333333 0.7272727272727273 0.5604166666666667 0.7225501770956316
0 0.6291666666666667 0.6092089728453365 0.6197916666666666 0.6186540731995277 0.61875 0.6304604486422668 0.6270833333333333 0.6434474616292798 0.6385416666666667 0.6469893742621016 0.6479166666666667 0.6363636363636364 0.6510416666666666 0.6245572609208973 0.64375 0.6127508854781583 0.6354166666666666 0.6092089728453365
0 0.6354166666666666 0.5572609208972845 0.6229166666666667 0.5702479338842975 0.621875 0.5844155844155844 0.6333333333333333 0.6009445100354192 0.6489583333333333 0.6033057851239669 0.6572916666666667 0.5962219598583235 0.6604166666666667 0.5808736717827627 0.6552083333333333 0.5678866587957497 0.640625 0.5572609208972845
0 0.6864583333333333 0.5501770956316411 0.6677083333333333 0.5537190082644629 0.6635416666666667 0.564344746162928 0.6697916666666667 0.5855962219598583 0.6854166666666667 0.5938606847697757 0.6958333333333333 0.5914994096812278 0.703125 0.5796930342384888 0.7020833333333333 0.5608028335301063 0.6916666666666667 0.5501770956316411
0 0.6645833333333333 0.5997638724911453 0.6583333333333333 0.6080283353010626 0.6583333333333333 0.6245572609208973 0.6614583333333334 0.6304604486422668 0.675 0.6340023612750886 0.6895833333333333 0.6210153482880756 0.690625 0.615112160566706 0.6833333333333333 0.6033057851239669 0.6697916666666667 0.5997638724911453
0 0.6583333333333333 0.6375442739079102 0.6489583333333333 0.6493506493506493 0.65 0.6611570247933884 0.6541666666666667 0.6635182998819362 0.6708333333333333 0.6599763872491146 0.671875 0.6434474616292798 0.6625 0.6375442739079102
0 0.6604166666666667 0.6753246753246753 0.6572916666666667 0.6788665879574971 0.6458333333333334 0.680047225501771 0.6385416666666667 0.6883116883116883 0.6364583333333333 0.6965761511216056 0.6385416666666667 0.7119244391971665 0.653125 0.7237308146399055 0.6708333333333333 0.7142857142857143 0.6791666666666667 0.7012987012987013 0.6770833333333334 0.6835891381345927 0.6645833333333333 0.6753246753246753
0 0.6291666666666667 0.654073199527745 0.625 0.6587957497048406 0.6229166666666667 0.6753246753246753 0.6291666666666667 0.6824085005903188 0.6333333333333333 0.6824085005903188 0.6416666666666667 0.6741440377804014 0.64375 0.6658795749704841 0.6385416666666667 0.6552538370720189 0.63125 0.654073199527745
0 0.6104166666666667 0.6788665879574971 0.6 0.6835891381345927 0.596875 0.7024793388429752 0.6041666666666666 0.7131050767414404 0.6114583333333333 0.7154663518299882 0.6270833333333333 0.7072018890200709 0.6270833333333333 0.69185360094451 0.6166666666666667 0.6788665879574971
0 0.6291666666666667 0.717827626918536 0.615625 0.7225501770956316 0.6114583333333333 0.7284533648170012 0.6104166666666667 0.7449822904368358 0.61875 0.755608028335301 0.6291666666666667 0.7544273907910272 0.64375 0.7378984651711924 0.6447916666666667 0.7284533648170012 0.6333333333333333 0.717827626918536
0 0.5864583333333333 0.7119244391971665 0.5802083333333333 0.71900826446281 0.58125 0.7296340023612751 0.5864583333333333 0.7355371900826446 0.6020833333333333 0.7343565525383707 0.6020833333333333 0.7225501770956316 0.5927083333333333 0.7119244391971665
0 0.5875 0.743801652892562 0.5791666666666667 0.7508854781582054 0.5739583333333333 0.7615112160566706 0.5739583333333333 0.7697756788665879 0.5854166666666667 0.7851239669421488 0.6 0.7804014167650531 0.609375 0.7650531286894924 0.6072916666666667 0.7508854781582054 0.5916666666666667 0.743801652892562
0 0.7010416666666667 0.6316410861865407 0.6822916666666666 0.6434474616292798 0.6802083333333333 0.6493506493506493 0.6802083333333333 0.6694214876033058 0.6864583333333333 0.680047225501771 0.6947916666666667 0.6835891381345927 0.7125 0.680047225501771 0.7239583333333334 0.6658795749704841 0.725 0.6528925619834711 0.7197916666666667 0.6399055489964581 0.70625 0.6316410861865407
0 0.7364583333333333 0.6103896103896104 0.721875 0.628099173553719 0.7260416666666667 0.6434474616292798 0.7322916666666667 0.6481700118063755 0.74375 0.6469893742621016 0.7510416666666667 0.6363636363636364 0.7510416666666667 0.6186540731995277 0.740625 0.6103896103896104
0 0.7104166666666667 0.5855962219598583 0.6989583333333333 0.5985832349468713 0.7020833333333333 0.6186540731995277 0.7104166666666667 0.6233766233766234 0.7229166666666667 0.615112160566706 0.728125 0.602125147579693 0.7260416666666667 0.5926800472255017 0.7166666666666667 0.5855962219598583
0 0.7479166666666667 0.5702479338842975 0.7385416666666667 0.5761511216056671 0.7322916666666667 0.5879574970484062 0.740625 0.6044864226682408 0.7541666666666667 0.6068476977567887 0.7625 0.5962219598583235 0.7645833333333333 0.5808736717827627 0.7583333333333333 0.5737898465171193 0.7489583333333333 0.5714285714285714
0 0.7229166666666667 0.538370720188902 0.709375 0.5478158205430933 0.7072916666666667 0.5596221959858324 0.7135416666666666 0.5749704840613932 0.7260416666666667 0.5796930342384888 0.7385416666666667 0.5667060212514758 0.7395833333333334 0.5560802833530106 0.73125 0.5430932703659976 0.7239583333333334 0.5395513577331759
0 0.6885416666666667 0.5112160566706021 0.684375 0.5194805194805194 0.6875 0.5395513577331759 0.7010416666666667 0.5442739079102715 0.709375 0.5395513577331759 0.7145833333333333 0.5289256198347108 0.70625 0.5147579693034239 0.6979166666666666 0.5112160566706021
0 0.6770833333333334 0.4332939787485242 0.6635416666666667 0.4462809917355372 0.6635416666666667 0.46989374262101535 0.675 0.4899645808736718 0.6958333333333333 0.49586776859504134 0.7083333333333334 0.4887839433293979 0.7177083333333333 0.46162927981109797 0.70625 0.44155844155844154 0.6854166666666667 0.4332939787485242
0 0.675 0.38016528925619836 0.665625 0.38134592680047225 0.6583333333333333 0.3990554899645809 0.659375 0.40731995277449823 0.6739583333333333 0.4214876033057851 0.684375 0.41912632821723733 0.6895833333333333 0.4085005903187721 0.6885416666666667 0.3860684769775679 0.6822916666666666 0.38016528925619836
0 0.6572916666666667 0.30460448642266824 0.640625 0.31641086186540734 0.6375 0.32585596221959856 0.6395833333333333 0.3530106257378985 0.64375 0.3624557260920897 0.65625 0.371900826446281 0.6645833333333333 0.3707201889020071 0.66875 0.3659976387249115 0.6802083333333333 0.3317591499409681 0.6760416666666667 0.3152302243211334 0.6614583333333334 0.30460448642266824
0 0.625 0.24675324675324675 0.61875 0.24911452184179456 0.6114583333333333 0.26092089728453366 0.6135416666666667 0.282172373081464 0.6229166666666667 0.2987012987012987 0.6416666666666667 0.3069657615112161 0.6552083333333333 0.2987012987012987 0.6614583333333334 0.28807556080283353 0.6625 0.2715466351829988 0.659375 0.25737898465171194 0.6541666666666667 0.2526564344746163 0.6416666666666667 0.2526564344746163 0.628125 0.24675324675324675
0 0.575 0.23376623376623376 0.55625 0.2396694214876033 0.546875 0.2514757969303424 0.54375 0.26210153482880755 0.5447916666666667 0.2715466351829988 0.553125 0.2845336481700118 0.5739583333333333 0.2939787485242031 0.5958333333333333 0.2833530106257379 0.6020833333333333 0.26564344746162927 0.5989583333333334 0.24793388429752067 0.5927083333333333 0.2408500590318772 0.5875 0.24203069657615112 0.5885416666666666 0.23730814639905548 0.5833333333333334 0.2384887839433294 0.5791666666666667 0.23376623376623376
0 0.5145833333333333 0.2066115702479339 0.5020833333333333 0.21133412042502953 0.49375 0.22668240850059032 0.5 0.24911452184179456 0.5135416666666667 0.2597402597402597 0.5375 0.2550177095631641 0.5458333333333333 0.23022432113341204 0.54375 0.22195985832349469 0.5364583333333334 0.21251475796930341 0.5166666666666667 0.2066115702479339
0 0.4895833333333333 0.2597402597402597 0.47291666666666665 0.2668240850059032 0.46770833333333334 0.2798110979929162 0.46770833333333334 0.28689492325855964 0.47291666666666665 0.29634002361275086 0.48854166666666665 0.30342384887839435 0.5020833333333333 0.2975206611570248 0.509375 0.282172373081464 0.5072916666666667 0.269185360094451 0.4947916666666667 0.2597402597402597
0 0.41458333333333336 0.2632821723730815 0.39479166666666665 0.2668240850059032 0.3875 0.2798110979929162 0.3875 0.29279811097992914 0.39166666666666666 0.3010625737898465 0.40729166666666666 0.3152302243211334 0.428125 0.3140495867768595 0.4354166666666667 0.30578512396694213 0.4354166666666667 0.2798110979929162 0.43020833333333336 0.269185360094451 0.42083333333333334 0.2632821723730815
0 0.371875 0.3010625737898465 0.35520833333333335 0.31286894923258557 0.3541666666666667 0.3364817001180638 0.365625 0.34946871310507677 0.384375 0.3541912632821724 0.396875 0.3530106257378985 0.40208333333333335 0.3447461629279811 0.4 0.32113341204250295 0.39166666666666666 0.30932703659976385 0.37916666666666665 0.3010625737898465
0 0.3416666666666667 0.345926800472255 0.32395833333333335 0.358913813459268 0.32083333333333336 0.3837072018890201 0.33645833333333336 0.4049586776859504 0.35625 0.40613931523022434 0.37083333333333335 0.3919716646989374 0.3697916666666667 0.371900826446281 0.3645833333333333 0.3565525383707202 0.35833333333333334 0.35064935064935066 0.34270833333333334 0.34710743801652894
0 0.3020833333333333 0.3884297520661157 0.29375 0.39433293978748524 0.290625 0.41204250295159384 0.30520833333333336 0.4297520661157025 0.32083333333333336 0.42739079102715466 0.328125 0.4214876033057851 0.325 0.41440377804014167 0.32708333333333334 0.40731995277449823 0.315625 0.3919716646989374 0.30416666666666664 0.3884297520661157
0 0.265625 0.4132231404958678 0.25625 0.4214876033057851 0.253125 0.43211334120425027 0.2760416666666667 0.4510035419126328 0.2875 0.43683589138134593 0.28958333333333336 0.42739079102715466 0.28541666666666665 0.4203069657615112 0.27395833333333336 0.4132231404958678
0 0.30104166666666665 0.4344746162927981 0.2989583333333333 0.4498229043683589 0.3020833333333333 0.4592680047225502 0.3177083333333333 0.4639905548996458 0.315625 0.44391971664698937 0.3072916666666667 0.4344746162927981
0 0.5052083333333334 0.4805194805194805 0.49270833333333336 0.48406139315230223 0.4947916666666667 0.48760330578512395 0.490625 0.4899645808736718 0.48854166666666665 0.49940968122786306 0.4895833333333333 0.5041322314049587 0.5041666666666667 0.5171192443919717 0.5177083333333333 0.5159386068476978 0.5302083333333333 0.5041322314049587 0.5260416666666666 0.48760330578512395 0.5125 0.4805194805194805
0 0.4239583333333333 0.5785123966942148 0.41041666666666665 0.5879574970484062 0.41041666666666665 0.6092089728453365 0.4166666666666667 0.6174734356552538 0.43645833333333334 0.6127508854781583 0.44583333333333336 0.5950413223140496 0.44166666666666665 0.5844155844155844 0.43854166666666666 0.5855962219598583 0.4375 0.5820543093270366 0.428125 0.5785123966942148
0 0.3729166666666667 0.4805194805194805 0.3614583333333333 0.4911452184179457 0.3614583333333333 0.5100354191263282 0.36666666666666664 0.5194805194805194 0.37916666666666665 0.5218417945690673 0.3885416666666667 0.5159386068476978 0.3927083333333333 0.49940968122786306 0.3885416666666667 0.48642266824085006 0.378125 0.4805194805194805
0 0.37916666666666665 0.4474616292798111 0.37604166666666666 0.4510035419126328 0.37395833333333334 0.4734356552538371 0.38645833333333335 0.4805194805194805 0.39166666666666666 0.4781582054309327 0.39479166666666665 0.4628099173553719 0.39375 0.448642266824085 0.3875 0.4474616292798111
0 0.240625 0.36835891381345925 0.22916666666666666 0.3742621015348288 0.22708333333333333 0.39315230224321135 0.234375 0.4014167650531287 0.2520833333333333 0.4037780401416765 0.259375 0.39433293978748524 0.2604166666666667 0.38134592680047225 0.25729166666666664 0.3742621015348288 0.24895833333333334 0.36835891381345925
0 0.19895833333333332 0.38961038961038963 0.190625 0.3955135773317591 0.190625 0.4167650531286895 0.20625 0.4297520661157025 0.215625 0.42857142857142855 0.22083333333333333 0.4214876033057851 0.221875 0.39787485242030696 0.21666666666666667 0.3919716646989374 0.2 0.38961038961038963
0 0.159375 0.3990554899645809 0.15 0.4049586776859504 0.14895833333333333 0.41440377804014167 0.15520833333333334 0.4332939787485242 0.16770833333333332 0.4380165289256198 0.178125 0.43211334120425027 0.18020833333333333 0.41086186540731995 0.17291666666666666 0.4014167650531287 0.165625 0.3990554899645809
0 0.11979166666666667 0.4025974025974026 0.109375 0.40613931523022434 0.10416666666666667 0.41204250295159384 0.103125 0.42857142857142855 0.11666666666666667 0.44391971664698937 0.13020833333333334 0.4462809917355372 0.1375 0.4380165289256198 0.140625 0.4203069657615112 0.13854166666666667 0.4132231404958678 0.12604166666666666 0.4025974025974026
0 0.07708333333333334 0.4002361275088548 0.065625 0.40731995277449823 0.06354166666666666 0.42266824085005905 0.07291666666666667 0.4380165289256198 0.08229166666666667 0.43919716646989376 0.08854166666666667 0.43211334120425027 0.09270833333333334 0.4155844155844156 0.08645833333333333 0.4049586776859504 0.078125 0.4002361275088548
0 0.035416666666666666 0.4002361275088548 0.028125 0.40731995277449823 0.028125 0.4167650531286895 0.036458333333333336 0.42739079102715466 0.04479166666666667 0.42857142857142855 0.05 0.41912632821723733 0.05 0.41086186540731995 0.04479166666666667 0.4025974025974026 0.0375 0.4002361275088548
0 0.08298645833333333 0.4462809917355372 0.06979166666666667 0.4474616292798111 0.06041666666666667 0.45808736717827625 0.058333333333333334 0.4734356552538371 0.06875 0.4923258559622196 0.08333333333333333 0.49586776859504134 0.1 0.4911452184179457 0.10520833333333333 0.4769775678866588 0.103125 0.46162927981109797 0.08854166666666667 0.4462809917355372
0 0.12604166666666666 0.45454545454545453 0.11666666666666667 0.4604486422668241 0.1125 0.4769775678866588 0.11770833333333333 0.48760330578512395 0.1375 0.4935064935064935 0.14479166666666668 0.4911452184179457 0.14895833333333333 0.4852420306965762 0.15208333333333332 0.4675324675324675 0.14375 0.45690672963400236 0.13541666666666666 0.45454545454545453
0 0.175 0.448642266824085 0.16666666666666666 0.45218417945690675 0.159375 0.4651711924439197 0.16145833333333334 0.4757969303423849 0.17395833333333333 0.4852420306965762 0.19583333333333333 0.4805194805194805 0.19270833333333334 0.4592680047225502 0.18229166666666666 0.448642266824085
0 0.21666666666666667 0.43683589138134593 0.209375 0.44391971664698937 0.20833333333333334 0.4639905548996458 0.234375 0.4734356552538371 0.24166666666666667 0.4628099173553719 0.23854166666666668 0.4498229043683589 0.22708333333333333 0.4380165289256198 0.21770833333333334 0.4380165289256198
0 0.25625 0.46635182998819363 0.25104166666666666 0.46635182998819363 0.246875 0.47107438016528924 0.24479166666666666 0.48288075560802834 0.24895833333333334 0.4887839433293979 0.26458333333333334 0.4946871310507674 0.26979166666666665 0.48642266824085006 0.26666666666666666 0.4722550177095632 0.26145833333333335 0.46635182998819363
0 0.18645833333333334 0.4911452184179457 0.178125 0.4935064935064935 0.171875 0.5064935064935064 0.17395833333333333 0.5194805194805194 0.184375 0.526564344746163 0.19583333333333333 0.525383707201889 0.20520833333333333 0.51357733175915 0.203125 0.5017709563164109 0.19166666666666668 0.4911452184179457
0 0.1375 0.500590318772137 0.12291666666666666 0.5064935064935064 0.11875 0.512396694214876 0.121875 0.5312868949232585 0.13333333333333333 0.5489964580873672 0.153125 0.5454545454545454 0.15729166666666666 0.5395513577331759 0.15729166666666666 0.5064935064935064 0.14583333333333334 0.500590318772137
0 0.08333333333333333 0.5041322314049587 0.06666666666666667 0.5076741440377804 0.06145833333333333 0.5147579693034239 0.06354166666666666 0.5312868949232585 0.07395833333333333 0.5442739079102715 0.09375 0.5419126328217237 0.10104166666666667 0.5324675324675324 0.10208333333333333 0.51357733175915 0.08541666666666667 0.5041322314049587
0 0.08333333333333333 0.5537190082644629 0.06875 0.5608028335301063 0.06458333333333334 0.5667060212514758 0.06458333333333334 0.5879574970484062 0.07395833333333333 0.5974025974025974 0.1 0.602125147579693 0.11041666666666666 0.5879574970484062 0.11041666666666666 0.5761511216056671 0.10104166666666667 0.5584415584415584 0.0875 0.5537190082644629
0 0.14270833333333333 0.5655253837072018 0.12916666666666668 0.5702479338842975 0.121875 0.577331759149941 0.121875 0.5844155844155844 0.14166666666666666 0.6056670602125147 0.16875 0.602125147579693 0.171875 0.5950413223140496 0.16875 0.5749704840613932 0.16458333333333333 0.5690672963400236 0.15208333333333332 0.5655253837072018
0 0.20677083333333332 0.5501770956316411 0.19375 0.5525383707201889 0.18229166666666666 0.5667060212514758 0.184375 0.5832349468713105 0.20208333333333334 0.5938606847697757 0.21041666666666667 0.5926800472255017 0.221875 0.5737898465171193 0.22395833333333334 0.5608028335301063 0.21354166666666666 0.5501770956316411
0 0.25 0.5395513577331759 0.24375 0.5419126328217237 0.23333333333333334 0.5560802833530106 0.23229166666666667 0.5844155844155844 0.246875 0.5974025974025974 0.271875 0.5962219598583235 0.27708333333333335 0.5903187721369539 0.275 0.5560802833530106 0.26875 0.5466351829988194 0.253125 0.5395513577331759
0 0.26145833333333335 0.6056670602125147 0.253125 0.6092089728453365 0.240625 0.6257378984651711 0.23958333333333334 0.6481700118063755 0.259375 0.6576151121605667 0.28229166666666666 0.6587957497048406 0.28958333333333336 0.654073199527745 0.29270833333333335 0.6446280991735537 0.28958333333333336 0.615112160566706 0.27708333333333335 0.6056670602125147 0.2635416666666667 0.6056670602125147
0 0.19739583333333333 0.6009445100354192 0.17916666666666667 0.6080283353010626 0.178125 0.6257378984651711 0.18958333333333333 0.6446280991735537 0.20208333333333334 0.654073199527745 0.209375 0.6552538370720189 0.21666666666666667 0.6469893742621016 0.21666666666666667 0.615112160566706 0.2125 0.6056670602125147 0.203125 0.6009445100354192
0 0.33229166666666665 0.5974025974025974 0.30520833333333336 0.6056670602125147 0.29791666666666666 0.6127508854781583 0.3 0.6505312868949232 0.315625 0.6611570247933884 0.3302083333333333 0.6611570247933884 0.35520833333333335 0.6446280991735537 0.35625 0.6221959858323495 0.34479166666666666 0.6009445100354192 0.3385416666666667 0.5974025974025974
0 0.30104166666666665 0.6694214876033058 0.28958333333333336 0.6871310507674144 0.28229166666666666 0.6871310507674144 0.275 0.6953955135773318 0.27291666666666664 0.7107438016528925 0.278125 0.7213695395513577 0.2875 0.7272727272727273 0.290625 0.7343565525383707 0.303125 0.7378984651711924 0.3229166666666667 0.730814639905549 0.32916666666666666 0.7225501770956316 0.32708333333333334 0.6847697756788665 0.321875 0.6753246753246753 0.3072916666666667 0.6694214876033058
0 0.34270833333333334 0.7249114521841794 0.3302083333333333 0.7343565525383707 0.3260416666666667 0.7508854781582054 0.33645833333333336 0.7721369539551358 0.35208333333333336 0.7780401416765053 0.36875 0.768595041322314 0.37083333333333335 0.7544273907910272 0.36354166666666665 0.730814639905549 0.346875 0.7249114521841794
0 0.4395833333333333 0.7343565525383707 0.4239583333333333 0.7461629279811098 0.42083333333333334 0.7567886658795749 0.425 0.7804014167650531 0.434375 0.7839433293978748 0.4479166666666667 0.7804014167650531 0.45416666666666666 0.7697756788665879 0.4552083333333333 0.7485242030696576 0.44583333333333336 0.7343565525383707
0 0.3885416666666667 0.7260920897284534 0.37916666666666665 0.7367178276269185 0.378125 0.7544273907910272 0.3875 0.7721369539551358 0.39895833333333336 0.7733175914994097 0.41041666666666665 0.768595041322314 0.4125 0.743801652892562 0.40729166666666666 0.7331759149940968 0.39479166666666665 0.7260920897284534
0 0.5010416666666667 0.7426210153482881 0.490625 0.7473435655253837 0.48333333333333334 0.7567886658795749 0.48333333333333334 0.7756788665879575 0.4875 0.7886658795749705 0.5052083333333334 0.7804014167650531 0.5114583333333333 0.7733175914994097 0.509375 0.7532467532467533 0.5020833333333333 0.743801652892562
0 0.515625 0.7827626918536009 0.49583333333333335 0.7922077922077922 0.4875 0.8063754427390791 0.4895833333333333 0.8229043683589138 0.5020833333333333 0.8370720188902007 0.51875 0.8358913813459268 0.5354166666666667 0.8170011806375442 0.5375 0.8028335301062574 0.5333333333333333 0.7933884297520661 0.5270833333333333 0.7863046044864227 0.5166666666666667 0.7839433293978748
0 0.4708333333333333 0.7922077922077922 0.46145833333333336 0.8028335301062574 0.4625 0.8122786304604487 0.471875 0.8134592680047226 0.4791666666666667 0.8099173553719008 0.478125 0.7922077922077922
0 0.47291666666666665 0.8193624557260921 0.46041666666666664 0.8240850059031877 0.45208333333333334 0.8358913813459268 0.4552083333333333 0.8476977567886659 0.4635416666666667 0.8583234946871311 0.48125 0.8559622195985832 0.4895833333333333 0.8453364817001181 0.4875 0.8299881936245572 0.484375 0.8229043683589138 0.478125 0.8193624557260921
0 0.428125 0.8358913813459268 0.4166666666666667 0.8441558441558441 0.4125 0.8547815820543093 0.415625 0.8713105076741441 0.425 0.8795749704840614 0.440625 0.8772136953955135 0.453125 0.8654073199527745 0.453125 0.8512396694214877 0.4375 0.8358913813459268
0 0.3854166666666667 0.8606847697756789 0.37604166666666666 0.8665879574970484 0.371875 0.8760330578512396 0.3729166666666667 0.8878394332939787 0.38229166666666664 0.8937426210153483 0.4010416666666667 0.8902007083825265 0.40520833333333334 0.8795749704840614 0.403125 0.8665879574970484 0.39166666666666666 0.8606847697756789
0 0.3375 0.8689492325855962 0.3260416666666667 0.8795749704840614 0.3229166666666667 0.89728453364817 0.32916666666666666 0.9067296340023613 0.34791666666666665 0.911452184179457 0.36041666666666666 0.9020070838252656 0.365625 0.8913813459268005 0.365625 0.8819362455726092 0.35520833333333335 0.872491145218418 0.3385416666666667 0.8689492325855962
0 0.3625 0.8229043683589138 0.353125 0.8288075560802833 0.34791666666666665 0.8370720188902007 0.35 0.8536009445100354 0.3614583333333333 0.8606847697756789 0.365625 0.8606847697756789 0.38125 0.846517119244392 0.37916666666666665 0.8311688311688312 0.36875 0.8229043683589138
0 0.396875 0.8181818181818182 0.3885416666666667 0.8276269185360094 0.3885416666666667 0.8417945690672963 0.3927083333333333 0.8476977567886659 0.40729166666666666 0.8500590318772137 0.41354166666666664 0.8311688311688312 0.403125 0.8181818181818182
0 0.37395833333333334 0.7744982290436836 0.36666666666666664 0.781582054309327 0.3645833333333333 0.7981109799291618 0.36875 0.8134592680047226 0.375 0.8181818181818182 0.390625 0.8146399055489965 0.39375 0.8099173553719008 0.39375 0.7863046044864227 0.38229166666666664 0.7744982290436836
0 0.409375 0.7780401416765053 0.4010416666666667 0.7863046044864227 0.4010416666666667 0.7992916174734357 0.403125 0.8063754427390791 0.4114583333333333 0.8122786304604487 0.4197916666666667 0.8063754427390791 0.4197916666666667 0.7851239669421488 0.4125 0.7780401416765053
0 0.43854166666666666 0.8099173553719008 0.43020833333333336 0.8122786304604487 0.43020833333333336 0.820543093270366 0.4375 0.8299881936245572 0.44583333333333336 0.8311688311688312 0.45208333333333334 0.8229043683589138 0.45208333333333334 0.8158205430932703 0.44479166666666664 0.8099173553719008
0 0.3390625 0.7839433293978748 0.3302083333333333 0.7851239669421488 0.32395833333333335 0.7922077922077922 0.32395833333333335 0.8217237308146399 0.334375 0.8299881936245572 0.346875 0.8288075560802833 0.3572916666666667 0.8146399055489965 0.353125 0.7910271546635183 0.34479166666666666 0.7839433293978748
0 0.2916666666666667 0.7485242030696576 0.284375 0.7579693034238488 0.284375 0.7839433293978748 0.2916666666666667 0.7957497048406139 0.3072916666666667 0.8004722550177096 0.31666666666666665 0.7933884297520661 0.321875 0.7674144037780402 0.31666666666666665 0.7567886658795749 0.296875 0.7485242030696576
0 0.24635416666666668 0.717827626918536 0.23333333333333334 0.7225501770956316 0.23020833333333332 0.7355371900826446 0.240625 0.7603305785123967 0.259375 0.7674144037780402 0.2708333333333333 0.7591499409681228 0.271875 0.7473435655253837 0.265625 0.7272727272727273 0.2520833333333333 0.717827626918536
0 0.26458333333333334 0.7768595041322314 0.25104166666666666 0.7804014167650531 0.24270833333333333 0.7992916174734357 0.24791666666666667 0.8264462809917356 0.259375 0.8358913813459268 0.2791666666666667 0.8311688311688312 0.2864583333333333 0.8158205430932703 0.2864583333333333 0.8028335301062574 0.28125 0.7874852420306966 0.265625 0.7768595041322314
0 0.22291666666666668 0.7544273907910272 0.20520833333333333 0.7579693034238488 0.20208333333333334 0.7615112160566706 0.2 0.7969303423848878 0.20833333333333334 0.8110979929161747 0.22708333333333333 0.8087367178276269 0.23541666666666666 0.7969303423848878 0.234375 0.7662337662337663 0.22395833333333334 0.755608028335301
0 0.19270833333333334 0.6977567886658795 0.18125 0.706021251475797 0.17916666666666667 0.7272727272727273 0.1875 0.7426210153482881 0.203125 0.7485242030696576 0.215625 0.7402597402597403 0.21875 0.7237308146399055 0.21041666666666667 0.7036599763872491 0.203125 0.6989374262101535 0.19375 0.6989374262101535
0 0.19166666666666668 0.6623376623376623 0.18541666666666667 0.6682408500590319 0.184375 0.6741440377804014 0.190625 0.6906729634002361 0.21041666666666667 0.693034238488784 0.21354166666666666 0.6883116883116883 0.21145833333333333 0.6765053128689492 0.20520833333333333 0.6682408500590319 0.19375 0.6623376623376623
0 0.23541666666666666 0.6587957497048406 0.21979166666666666 0.667060212514758 0.21875 0.6765053128689492 0.22604166666666667 0.6906729634002361 0.23854166666666668 0.7012987012987013 0.26145833333333335 0.7024793388429752 0.26875 0.6883116883116883 0.259375 0.6658795749704841 0.24479166666666666 0.6587957497048406
0 0.16666666666666666 0.7473435655253837 0.15729166666666666 0.7532467532467533 0.15625 0.7650531286894924 0.16770833333333332 0.7827626918536009 0.178125 0.7851239669421488 0.18541666666666667 0.7768595041322314 0.18645833333333334 0.7650531286894924 0.18229166666666666 0.7544273907910272 0.171875 0.7473435655253837
0 0.14322916666666666 0.6977567886658795 0.1375 0.6977567886658795 0.13125 0.7036599763872491 0.12916666666666668 0.7225501770956316 0.13854166666666667 0.7343565525383707 0.15416666666666667 0.7355371900826446 0.16041666666666668 0.7260920897284534 0.159375 0.7166469893742621 0.15625 0.706021251475797 0.14895833333333333 0.6977567886658795
0 0.14270833333333333 0.6221959858323495 0.134375 0.6233766233766234 0.12708333333333333 0.6375442739079102 0.12604166666666666 0.6505312868949232 0.12291666666666666 0.654073199527745 0.125 0.6658795749704841 0.13125 0.6741440377804014 0.15416666666666667 0.6776859504132231 0.171875 0.6682408500590319 0.17395833333333333 0.6564344746162928 0.165625 0.6316410861865407 0.15833333333333333 0.6233766233766234 0.14895833333333333 0.6221959858323495
0 0.084375 0.6906729634002361 0.07395833333333333 0.7024793388429752 0.057291666666666664 0.7131050767414404 0.05625 0.7284533648170012 0.06458333333333334 0.7508854781582054 0.06979166666666667 0.755608028335301 0.09375 0.7532467532467533 0.10729166666666666 0.7378984651711924 0.11041666666666666 0.7272727272727273 0.109375 0.704840613931523 0.10416666666666667 0.6965761511216056 0.09166666666666666 0.6906729634002361
0 0.13125 0.743801652892562 0.115625 0.7508854781582054 0.1125 0.7591499409681228 0.11458333333333333 0.7674144037780402 0.1375 0.7709563164108618 0.14270833333333333 0.7650531286894924 0.14375 0.7520661157024794 0.13645833333333332 0.743801652892562
0 0.13333333333333333 0.7827626918536009 0.12291666666666666 0.7851239669421488 0.11979166666666667 0.7898465171192444 0.11979166666666667 0.8099173553719008 0.12708333333333333 0.8252656434474617 0.14270833333333333 0.8264462809917356 0.15 0.8181818181818182 0.15 0.7933884297520661 0.14375 0.7851239669421488 0.134375 0.7839433293978748
0 0.178125 0.7957497048406139 0.16770833333333332 0.7981109799291618 0.15833333333333333 0.8158205430932703 0.16041666666666668 0.8406139315230224 0.17604166666666668 0.8524203069657615 0.18854166666666666 0.8512396694214877 0.20104166666666667 0.8358913813459268 0.2 0.8122786304604487 0.19166666666666668 0.7992916174734357 0.18333333333333332 0.7957497048406139
0 0.22291666666666668 0.8170011806375442 0.21041666666666667 0.8311688311688312 0.21041666666666667 0.8476977567886659 0.21875 0.859504132231405 0.2375 0.859504132231405 0.24479166666666666 0.8547815820543093 0.24479166666666666 0.8347107438016529 0.23854166666666668 0.8229043683589138 0.228125 0.8170011806375442
0 0.140625 0.8783943329397875 0.12604166666666666 0.8795749704840614 0.11770833333333333 0.8925619834710744 0.11875 0.9138134592680047 0.125 0.9244391971664699 0.13333333333333333 0.9279811097992916 0.153125 0.9256198347107438 0.16145833333333334 0.9149940968122786 0.1625 0.8937426210153483 0.146875 0.8783943329397875
0 0.13333333333333333 0.8417945690672963 0.12604166666666666 0.8429752066115702 0.11979166666666667 0.8488783943329398 0.11875 0.8583234946871311 0.12395833333333334 0.8689492325855962 0.13854166666666667 0.8689492325855962 0.15104166666666666 0.8630460448642266 0.15 0.8476977567886659 0.14479166666666668 0.8429752066115702 0.134375 0.8429752066115702
0 0.09479166666666666 0.8051948051948052 0.084375 0.807556080283353 0.07395833333333333 0.8264462809917356 0.07708333333333334 0.8429752066115702 0.08958333333333333 0.8524203069657615 0.103125 0.8524203069657615 0.109375 0.8417945690672963 0.11041666666666666 0.820543093270366 0.1 0.8051948051948052
0 0.05520833333333333 0.846517119244392 0.04583333333333333 0.8583234946871311 0.04791666666666667 0.872491145218418 0.053125 0.8760330578512396 0.07291666666666667 0.8748524203069658 0.07708333333333334 0.8654073199527745 0.07604166666666666 0.8559622195985832 0.06145833333333333 0.846517119244392
0 0.019791666666666666 0.859504132231405 0.009375 0.8642266824085005 0 0.8819362455726092 0.011458333333333333 0.9008264462809917 0.021875 0.9055489964580874 0.034375 0.9031877213695395 0.040625 0.8937426210153483 0.040625 0.8736717827626919 0.029166666666666667 0.859504132231405
0 0.09635416666666667 0.9008264462809917 0.0875 0.9020070838252656 0.08333333333333333 0.910271546635183 0.084375 0.9208972845336482 0.09375 0.9268004722550177 0.10625 0.9256198347107438 0.1125 0.9197166469893743 0.11041666666666666 0.9055489964580874 0.103125 0.9008264462809917
0 0.09583333333333334 0.8630460448642266 0.08645833333333333 0.8689492325855962 0.08333333333333333 0.8760330578512396 0.084375 0.8878394332939787 0.09166666666666666 0.8937426210153483 0.11041666666666666 0.8913813459268005 0.11458333333333333 0.885478158205431 0.11458333333333333 0.8689492325855962 0.10416666666666667 0.8630460448642266
0 0.06666666666666667 0.8902007083825265 0.04583333333333333 0.8937426210153483 0.042708333333333334 0.9043683589138135 0.04895833333333333 0.9138134592680047 0.0625 0.9197166469893743 0.07291666666666667 0.9161747343565525 0.078125 0.9079102715466352 0.078125 0.8937426210153483 0.07291666666666667 0.8902007083825265
0 0.16041666666666668 0.859504132231405 0.16145833333333334 0.8772136953955135 0.17083333333333334 0.8807556080283353 0.17604166666666668 0.8760330578512396 0.17708333333333334 0.8689492325855962 0.175 0.8630460448642266 0.16770833333333332 0.859504132231405
0 0.19479166666666667 0.8606847697756789 0.18854166666666666 0.8618654073199528 0.18645833333333334 0.8665879574970484 0.18645833333333334 0.8760330578512396 0.19270833333333334 0.8819362455726092 0.20208333333333334 0.8807556080283353 0.21041666666666667 0.8748524203069658 0.20625 0.8630460448642266 0.19791666666666666 0.8606847697756789
0 0.20416666666666666 0.8913813459268005 0.19583333333333333 0.8937426210153483 0.19375 0.9043683589138135 0.196875 0.9126328217237308 0.20625 0.9173553719008265 0.215625 0.9149940968122786 0.21979166666666666 0.9079102715466352 0.21770833333333334 0.8961038961038961 0.209375 0.8913813459268005
0 0.23645833333333333 0.8748524203069658 0.21979166666666666 0.8760330578512396 0.21875 0.8819362455726092 0.22395833333333334 0.8925619834710744 0.24479166666666666 0.8913813459268005 0.246875 0.8819362455726092 0.23854166666666668 0.8748524203069658
0 0.2708333333333333 0.846517119244392 0.25833333333333336 0.846517119244392 0.2520833333333333 0.8571428571428571 0.25416666666666665 0.8736717827626919 0.259375 0.8795749704840614 0.2760416666666667 0.8819362455726092 0.2864583333333333 0.872491145218418 0.2875 0.8618654073199528 0.27708333333333335 0.846517119244392
0 0.29583333333333334 0.8819362455726092 0.2864583333333333 0.8842975206611571 0.28125 0.8937426210153483 0.284375 0.9090909090909091 0.29270833333333335 0.9185360094451004 0.303125 0.9185360094451004 0.315625 0.910271546635183 0.3145833333333333 0.8913813459268005 0.3104166666666667 0.8842975206611571 0.3020833333333333 0.8819362455726092
0 0.30416666666666664 0.8158205430932703 0.29375 0.8193624557260921 0.290625 0.8240850059031877 0.28958333333333336 0.8347107438016529 0.29791666666666666 0.8488783943329398 0.3104166666666667 0.846517119244392 0.3177083333333333 0.8358913813459268 0.3177083333333333 0.8276269185360094 0.309375 0.8158205430932703
0 0.3260416666666667 0.8358913813459268 0.321875 0.8453364817001181 0.32708333333333334 0.8559622195985832 0.3416666666666667 0.8524203069657615 0.340625 0.8429752066115702 0.33541666666666664 0.8358913813459268
0 0.30625 0.859504132231405 0.3 0.8618654073199528 0.3 0.8701298701298701 0.3104166666666667 0.8748524203069658 0.3145833333333333 0.872491145218418 0.31666666666666665 0.8618654073199528 0.309375 0.859504132231405
0 0.2552083333333333 0.8890200708382526 0.24895833333333334 0.89728453364817 0.25 0.9126328217237308 0.2552083333333333 0.922077922077922 0.26458333333333334 0.9244391971664699 0.275 0.9208972845336482 0.2791666666666667 0.9149940968122786 0.2791666666666667 0.9079102715466352 0.2760416666666667 0.89728453364817 0.2625 0.8890200708382526
0 0.234375 0.898465171192444 0.22395833333333334 0.9008264462809917 0.22291666666666668 0.9090909090909091 0.225 0.9208972845336482 0.23333333333333334 0.9256198347107438 0.24583333333333332 0.9197166469893743 0.24375 0.9008264462809917 0.240625 0.898465171192444
0 0.17760416666666667 0.885478158205431 0.16875 0.8878394332939787 0.16770833333333332 0.9008264462809917 0.16875 0.9090909090909091 0.178125 0.9138134592680047 0.18958333333333333 0.9090909090909091 0.18958333333333333 0.8913813459268005 0.18333333333333332 0.885478158205431
0 0.05625 0.8099173553719008 0.04583333333333333 0.820543093270366 0.053125 0.8358913813459268 0.0625 0.8347107438016529 0.06875 0.8240850059031877 0.06666666666666667 0.8134592680047226 0.059375 0.8099173553719008
0 0.030208333333333334 0.8217237308146399 0.020833333333333332 0.8276269185360094 0.020833333333333332 0.8429752066115702 0.028125 0.8512396694214877 0.03958333333333333 0.8524203069657615 0.04583333333333333 0.8394332939787486 0.040625 0.8252656434474617 0.03333333333333333 0.8217237308146399
0 0.03125 0.7756788665879575 0.025 0.7804014167650531 0.01875 0.7933884297520661 0.020833333333333332 0.8099173553719008 0.029166666666666667 0.8158205430932703 0.042708333333333334 0.8134592680047226 0.05 0.8028335301062574 0.04895833333333333 0.7863046044864227 0.04479166666666667 0.7780401416765053 0.03854166666666667 0.7756788665879575
0 0.011458333333333333 0.7508854781582054 0 0.7520661157024794 0 0.7910271546635183 0.003125 0.7933884297520661 0.009375 0.7933884297520661 0.014583333333333334 0.7886658795749705 0.023958333333333335 0.7662337662337663 0.01875 0.7520661157024794 0.013541666666666667 0.7508854781582054
0 0 0.7969303423848878 0 0.8288075560802833 0.004166666666666667 0.8288075560802833 0.010416666666666666 0.8240850059031877 0.013541666666666667 0.8087367178276269 0.008333333333333333 0.8004722550177096 0.0010416666666666667 0.7969303423848878
0 0 0.8323494687131051 0 0.859504132231405 0.00625 0.8512396694214877 0.005208333333333333 0.8370720188902007 0.0010416666666666667 0.8323494687131051
0 0 0.6953955135773318 0 0.743801652892562 0.011458333333333333 0.743801652892562 0.019791666666666666 0.7355371900826446 0.019791666666666666 0.71900826446281 0.015625 0.706021251475797 0.004166666666666667 0.6953955135773318
0 0 0.641086186540732 0 0.6765053128689492 0.009375 0.6812278630460449 0.022916666666666665 0.6788665879574971 0.022916666666666665 0.6646989374262101 0.003125 0.641086186540732
0 0.08645833333333333 0.7638724911452184 0.08229166666666667 0.7721369539551358 0.08229166666666667 0.7827626918536009 0.096875 0.7969303423848878 0.10833333333333334 0.7969303423848878 0.11354166666666667 0.7863046044864227 0.1125 0.7756788665879575 0.10625 0.7697756788665879 0.08958333333333333 0.7638724911452184
0 0.06041666666666667 0.7792207792207793 0.05625 0.7839433293978748 0.057291666666666664 0.8004722550177096 0.06875 0.807556080283353 0.07708333333333334 0.8063754427390791 0.084375 0.7969303423848878 0.08333333333333333 0.7922077922077922 0.06666666666666667 0.7792207792207793 0.06145833333333333 0.7792207792207793
0 0.042708333333333334 0.58913813459268 0.029166666666666667 0.5950413223140496 0.022916666666666665 0.6044864226682408 0.023958333333333335 0.6162927981109799 0.03229166666666667 0.6257378984651711 0.051041666666666666 0.6162927981109799 0.05 0.5962219598583235 0.04375 0.5903187721369539
0 0.10520833333333333 0.6292798110979929 0.10416666666666667 0.6340023612750886 0.090625 0.6399055489964581 0.08020833333333334 0.667060212514758 0.08125 0.6729634002361276 0.096875 0.6729634002361276 0.10104166666666667 0.6694214876033058 0.109375 0.6458087367178277 0.10833333333333334 0.6328217237308147 0.10520833333333333 0.6304604486422668
0 0.03854166666666667 0.6599763872491146 0.036458333333333336 0.6706021251475797 0.040625 0.6847697756788665 0.052083333333333336 0.6859504132231405 0.05416666666666667 0.6717827626918536 0.042708333333333334 0.6599763872491146
0 0.034375 0.7343565525383707 0.03229166666666667 0.7390791027154664 0.035416666666666666 0.7544273907910272 0.03854166666666667 0.7591499409681228 0.04895833333333333 0.7626918536009445 0.052083333333333336 0.7520661157024794 0.04479166666666667 0.7378984651711924 0.036458333333333336 0.7343565525383707
0 0.24166666666666667 0.4923258559622196 0.23645833333333333 0.4970484061393152 0.234375 0.5076741440377804 0.23958333333333334 0.5277449822904369 0.2604166666666667 0.5324675324675324 0.26458333333333334 0.5112160566706021 0.246875 0.4923258559622196
0 0.030208333333333334 0.44391971664698937 0.023958333333333335 0.45218417945690675 0.023958333333333335 0.47461629279811096 0.030208333333333334 0.48760330578512395 0.042708333333333334 0.48288075560802834 0.04895833333333333 0.4639905548996458 0.046875 0.45336481700118064 0.034375 0.44391971664698937
0 0 0.3884297520661157 0.0020833333333333333 0.42621015348288077 0.009375 0.4179456906729634 0.013541666666666667 0.4002361275088548 0.009375 0.3907910271546635 0.0010416666666666667 0.3884297520661157
0 0 0.4332939787485242 0 0.4769775678866588 0.008333333333333333 0.4639905548996458 0.008333333333333333 0.4474616292798111 0.0010416666666666667 0.4332939787485242
0 0.03229166666666667 0.5312868949232585 0.025 0.5419126328217237 0.03125 0.5726092089728453 0.03854166666666667 0.577331759149941 0.05 0.5761511216056671 0.05416666666666667 0.5678866587957497 0.053125 0.5478158205430933 0.04895833333333333 0.5395513577331759 0.03333333333333333 0.5324675324675324
0 0 0.538370720188902 0 0.5596221959858324 0.00625 0.5478158205430933 0.0010416666666666667 0.538370720188902
0 0.271875 0.3447461629279811 0.2604166666666667 0.358913813459268 0.2604166666666667 0.36717827626918537 0.26979166666666665 0.3837072018890201 0.284375 0.3884297520661157 0.2947916666666667 0.38016528925619836 0.29583333333333334 0.3624557260920897 0.2791666666666667 0.3447461629279811
0 0.296875 0.3116883116883117 0.28541666666666665 0.32231404958677684 0.28229166666666666 0.33530106257378983 0.29270833333333335 0.3530106257378985 0.30416666666666664 0.3577331759149941 0.31979166666666664 0.345926800472255 0.321875 0.3305785123966942 0.31354166666666666 0.31641086186540734 0.303125 0.3116883116883117
0 0.31979166666666664 0.2939787485242031 0.31354166666666666 0.30932703659976385 0.3229166666666667 0.32113341204250295 0.33125 0.32231404958677684 0.3385416666666667 0.31641086186540734 0.33958333333333335 0.30814639905548996 0.33645833333333336 0.3010625737898465 0.32708333333333334 0.2939787485242031
0 0.34270833333333334 0.2644628099173554 0.334375 0.2715466351829988 0.334375 0.2798110979929162 0.3385416666666667 0.29043683589138136 0.35104166666666664 0.29634002361275086 0.35625 0.29161747343565525 0.359375 0.27863046044864226 0.3541666666666667 0.2680047225501771 0.3458333333333333 0.2644628099173554
0 0.36666666666666664 0.22904368358913813 0.35208333333333336 0.23730814639905548 0.35208333333333336 0.2550177095631641 0.365625 0.269185360094451 0.37916666666666665 0.269185360094451 0.3885416666666667 0.2585596221959858 0.3885416666666667 0.24675324675324675 0.378125 0.23140495867768596 0.371875 0.22904368358913813
0 0.39427083333333335 0.18890200708382526 0.38229166666666664 0.19244391971664698 0.3770833333333333 0.20543093270365997 0.37916666666666665 0.2255017709563164 0.390625 0.23258559622195984 0.409375 0.23022432113341204 0.415625 0.2243211334120425 0.415625 0.20306965761511217 0.40729166666666666 0.1912632821723731 0.4010416666666667 0.18890200708382526
0 0.434375 0.2255017709563164 0.42291666666666666 0.23376623376623376 0.42604166666666665 0.2538370720188902 0.4354166666666667 0.26210153482880755 0.45208333333333334 0.2632821723730815 0.46041666666666664 0.2585596221959858 0.4625 0.24793388429752067 0.453125 0.23258559622195984 0.44375 0.2255017709563164
0 0.39791666666666664 0.2396694214876033 0.3927083333333333 0.24675324675324675 0.39479166666666665 0.256198347107438 0.403125 0.2597402597402597 0.41354166666666664 0.25737898465171194 0.4166666666666667 0.2538370720188902 0.41458333333333336 0.24439197166469895 0.403125 0.2396694214876033
0 0.2708333333333333 0.38961038961038963 0.2677083333333333 0.39315230224321135 0.2677083333333333 0.4025974025974026 0.2791666666666667 0.40968122786304606 0.2864583333333333 0.4085005903187721 0.2864583333333333 0.39433293978748524 0.275 0.38961038961038963
0 0.471875 0.17473435655253838 0.45208333333333334 0.1782762691853601 0.44479166666666664 0.18536009445100354 0.4479166666666667 0.21605667060212513 0.46041666666666664 0.2255017709563164 0.47708333333333336 0.2231404958677686 0.48854166666666665 0.19952774498229045 0.48333333333333334 0.18181818181818182 0.47708333333333336 0.17473435655253838
0 0.5489583333333333 0.7697756788665879 0.5375 0.7827626918536009 0.5416666666666666 0.8004722550177096 0.5458333333333333 0.8040141676505312 0.559375 0.8040141676505312 0.571875 0.7969303423848878 0.5760416666666667 0.7886658795749705 0.5729166666666666 0.7780401416765053 0.5677083333333334 0.7733175914994097 0.5510416666666667 0.7697756788665879
0 0.5322916666666667 0.7520661157024794 0.5208333333333334 0.755608028335301 0.5166666666666667 0.7650531286894924 0.5177083333333333 0.7756788665879575 0.5333333333333333 0.7804014167650531 0.5416666666666666 0.7650531286894924 0.534375 0.7544273907910272
0 0.7572916666666667 0.526564344746163 0.746875 0.5371900826446281 0.746875 0.5608028335301063 0.7552083333333334 0.5678866587957497 0.76875 0.5702479338842975 0.7802083333333333 0.5596221959858324 0.7802083333333333 0.5430932703659976 0.7729166666666667 0.5324675324675324 0.7635416666666667 0.526564344746163
0 0.7916666666666666 0.46871310507674147 0.7739583333333333 0.4757969303423849 0.765625 0.4911452184179457 0.7666666666666667 0.5171192443919717 0.7854166666666667 0.5360094451003542 0.7958333333333333 0.5360094451003542 0.8052083333333333 0.5312868949232585 0.8166666666666667 0.5041322314049587 0.8145833333333333 0.48288075560802834 0.809375 0.4757969303423849 0.796875 0.46871310507674147
0 0.7302083333333333 0.4911452184179457 0.71875 0.5076741440377804 0.7197916666666667 0.5230224321133412 0.7291666666666666 0.5324675324675324 0.740625 0.5301062573789846 0.7520833333333333 0.5182998819362455 0.7489583333333333 0.4982290436835891 0.7364583333333333 0.4911452184179457
0 0.7447916666666666 0.4557260920897285 0.7333333333333333 0.4639905548996458 0.734375 0.4805194805194805 0.7416666666666667 0.4852420306965762 0.7541666666666667 0.4852420306965762 0.759375 0.47107438016528924 0.7552083333333334 0.4592680047225502 0.7458333333333333 0.4557260920897285
0 0.7322916666666667 0.3919716646989374 0.7145833333333333 0.39787485242030696 0.7072916666666667 0.40731995277449823 0.7166666666666667 0.43565525383707204 0.7260416666666667 0.4462809917355372 0.7375 0.4427390791027155 0.7447916666666666 0.43565525383707204 0.7520833333333333 0.41440377804014167 0.7489583333333333 0.41086186540731995 0.7489583333333333 0.39787485242030696 0.7375 0.3919716646989374
0 0.775 0.43211334120425027 0.7625 0.44510035419126326 0.7645833333333333 0.45808736717827625 0.771875 0.4651711924439197 0.7822916666666667 0.4628099173553719 0.7875 0.45690672963400236 0.7895833333333333 0.44391971664698937 0.7822916666666667 0.43211334120425027
0 0.8114583333333333 0.42857142857142855 0.8010416666666667 0.43919716646989376 0.8020833333333334 0.4592680047225502 0.8104166666666667 0.4675324675324675 0.825 0.4639905548996458 0.83125 0.45336481700118064 0.83125 0.44155844155844154 0.8208333333333333 0.42857142857142855
0 0.7927083333333333 0.3730814639905549 0.7791666666666667 0.38016528925619836 0.7697916666666667 0.39669421487603307 0.771875 0.41440377804014167 0.778125 0.42266824085005905 0.7885416666666667 0.42739079102715466 0.7989583333333333 0.42739079102715466 0.8072916666666666 0.42266824085005905 0.815625 0.4037780401416765 0.815625 0.38961038961038963 0.8114583333333333 0.37662337662337664 0.8010416666666667 0.3730814639905549
0 0.8385416666666666 0.4628099173553719 0.8239583333333333 0.4734356552538371 0.821875 0.4793388429752066 0.8260416666666667 0.4982290436835891 0.8333333333333334 0.5029515938606848 0.8479166666666667 0.4982290436835891 0.8541666666666666 0.4852420306965762 0.8552083333333333 0.4769775678866588 0.8520833333333333 0.46989374262101535 0.8416666666666667 0.4628099173553719
0 0.8541666666666666 0.42502951593860683 0.840625 0.4332939787485242 0.8395833333333333 0.448642266824085 0.8416666666666667 0.4557260920897285 0.85625 0.4675324675324675 0.871875 0.4592680047225502 0.8770833333333333 0.448642266824085 0.878125 0.4344746162927981 0.8625 0.42502951593860683
0 0.8364583333333333 0.39787485242030696 0.83125 0.39787485242030696 0.8260416666666667 0.40731995277449823 0.825 0.4179456906729634 0.83125 0.42502951593860683 0.8395833333333333 0.42266824085005905 0.8447916666666667 0.41440377804014167 0.8458333333333333 0.4049586776859504 0.8416666666666667 0.39787485242030696
0 0.8729166666666667 0.371900826446281 0.86875 0.3730814639905549 0.8541666666666666 0.3919716646989374 0.8604166666666667 0.4132231404958678 0.871875 0.42266824085005905 0.8822916666666667 0.4214876033057851 0.8947916666666667 0.39669421487603307 0.8895833333333333 0.3789846517119244 0.88125 0.371900826446281
0 0.8375 0.34238488783943327 0.828125 0.345926800472255 0.8177083333333334 0.3624557260920897 0.8197916666666667 0.3778040141676505 0.8270833333333333 0.3860684769775679 0.834375 0.3884297520661157 0.8510416666666667 0.38134592680047225 0.859375 0.3659976387249115 0.85625 0.35182998819362454 0.8458333333333333 0.34238488783943327
0 0.8760416666666667 0.3022432113341204 0.8666666666666667 0.30932703659976385 0.859375 0.33766233766233766 0.8729166666666667 0.36363636363636365 0.890625 0.3659976387249115 0.9010416666666666 0.35064935064935066 0.9041666666666667 0.3234946871310508 0.8989583333333333 0.3187721369539551 0.896875 0.30932703659976385 0.884375 0.3022432113341204
0 0.9083333333333333 0.35064935064935066 0.9083333333333333 0.35537190082644626 0.89375 0.3695395513577332 0.896875 0.3884297520661157 0.9020833333333333 0.39433293978748524 0.9166666666666666 0.39315230224321135 0.9229166666666667 0.3778040141676505 0.921875 0.36835891381345925 0.9114583333333334 0.35064935064935066
0 0.7864583333333334 0.27390791027154665 0.7739583333333333 0.2762691853600944 0.771875 0.29161747343565525 0.7760416666666666 0.3069657615112161 0.7895833333333333 0.3140495867768595 0.8 0.30342384887839435 0.8041666666666667 0.2857142857142857 0.8020833333333334 0.2798110979929162 0.79375 0.27390791027154665
0 0.7916666666666666 0.3234946871310508 0.7833333333333333 0.3270365997638725 0.7770833333333333 0.33766233766233766 0.7770833333333333 0.35537190082644626 0.7854166666666667 0.36363636363636365 0.796875 0.3624557260920897 0.803125 0.35537190082644626 0.8020833333333334 0.3435655253837072 0.8072916666666666 0.3317591499409681 0.803125 0.33293978748524206 0.7989583333333333 0.3246753246753247 0.7947916666666667 0.3234946871310508
0 0.740625 0.2939787485242031 0.73125 0.2987012987012987 0.7270833333333333 0.30578512396694213 0.7260416666666667 0.32113341204250295 0.7364583333333333 0.33884297520661155 0.7510416666666667 0.345926800472255 0.759375 0.3412042502951594 0.7666666666666667 0.32113341204250295 0.7666666666666667 0.3105076741440378 0.7604166666666666 0.29988193624557263 0.7447916666666666 0.2939787485242031
0 0.7125 0.33766233766233766 0.7010416666666667 0.3412042502951594 0.6958333333333333 0.35182998819362454 0.6958333333333333 0.3659976387249115 0.703125 0.3778040141676505 0.7208333333333333 0.3825265643447462 0.73125 0.3730814639905549 0.7354166666666667 0.358913813459268 0.7270833333333333 0.3400236127508855 0.7145833333333333 0.33766233766233766
0 0.753125 0.3565525383707202 0.7458333333333333 0.3612750885478158 0.7427083333333333 0.3695395513577332 0.7427083333333333 0.3789846517119244 0.753125 0.3884297520661157 0.7666666666666667 0.3730814639905549 0.7666666666666667 0.3624557260920897 0.7614583333333333 0.3565525383707202
0 0.6927083333333334 0.2715466351829988 0.6760416666666667 0.2762691853600944 0.6729166666666667 0.2809917355371901 0.6729166666666667 0.2939787485242031 0.6822916666666666 0.3105076741440378 0.703125 0.31641086186540734 0.7135416666666666 0.30578512396694213 0.715625 0.2857142857142857 0.709375 0.27508854781582054 0.6989583333333333 0.2715466351829988
0 0.68125 0.19834710743801653 0.6677083333333333 0.20188902007083825 0.6552083333333333 0.2361275088547816 0.6604166666666667 0.2502951593860685 0.66875 0.2597402597402597 0.6833333333333333 0.2644628099173554 0.6989583333333333 0.2632821723730815 0.7114583333333333 0.25737898465171194 0.7197916666666667 0.23730814639905548 0.7145833333333333 0.21723730814639905 0.696875 0.20070838252656434 0.6885416666666667 0.19834710743801653
0 0.7359375 0.24675324675324675 0.728125 0.24793388429752067 0.721875 0.25737898465171194 0.725 0.27863046044864226 0.7354166666666667 0.2845336481700118 0.753125 0.2762691853600944 0.759375 0.2680047225501771 0.7583333333333333 0.26092089728453366 0.7416666666666667 0.24675324675324675
0 0.7700520833333333 0.20306965761511217 0.7520833333333333 0.20306965761511217 0.74375 0.21605667060212513 0.7510416666666667 0.2396694214876033 0.7645833333333333 0.24911452184179456 0.7895833333333333 0.23730814639905548 0.7927083333333333 0.22668240850059032 0.7875 0.21133412042502953 0.7760416666666666 0.20306965761511217
0 0.6041666666666666 0.18536009445100354 0.584375 0.1936245572609209 0.5760416666666667 0.20306965761511217 0.575 0.2101534828807556 0.5822916666666667 0.2255017709563164 0.5958333333333333 0.23730814639905548 0.6270833333333333 0.23730814639905548 0.6333333333333333 0.23022432113341204 0.6364583333333333 0.21605667060212513 0.6177083333333333 0.20188902007083825 0.615625 0.18890200708382526 0.60625 0.18536009445100354
0 0.5291666666666667 0.12987012987012986 0.5197916666666667 0.1357733175914994 0.5114583333333333 0.14757969303423848 0.5125 0.16765053128689492 0.5229166666666667 0.1936245572609209 0.540625 0.20425029515938606 0.5614583333333333 0.19952774498229045 0.5677083333333334 0.16883116883116883 0.5666666666666667 0.14049586776859505 0.55625 0.1322314049586777 0.5302083333333333 0.13105076741440377
0 0.609721875 0.12632821723730814 0.5947916666666667 0.12868949232585597 0.5885416666666666 0.13931523022432113 0.5875 0.14994096812278632 0.59375 0.16883116883116883 0.603125 0.17591499409681227 0.6114583333333333 0.1770956316410862 0.6229166666666667 0.17473435655253838 0.6260416666666667 0.1652892561983471 0.625 0.14285714285714285 0.621875 0.13695395513577333 0.6239583333333333 0.1334120425029516 0.615625 0.12632821723730814
0 0.48854166666666665 0.12396694214876033 0.46875 0.13105076741440377 0.4625 0.14285714285714285 0.4708333333333333 0.1617473435655254 0.47708333333333336 0.16765053128689492 0.4875 0.17001180637544275 0.5010416666666667 0.15820543093270367 0.5041666666666667 0.14285714285714285 0.5010416666666667 0.1334120425029516 0.49166666666666664 0.12396694214876033
0 0.4197916666666667 0.15820543093270367 0.4114583333333333 0.1617473435655254 0.40729166666666666 0.17119244391971664 0.409375 0.18417945690672963 0.4197916666666667 0.19244391971664698 0.4354166666666667 0.19008264462809918 0.4395833333333333 0.18417945690672963 0.4395833333333333 0.17237308146399055 0.4354166666666667 0.16292798110979928 0.4270833333333333 0.15820543093270367
0 0.38958333333333334 0.14403778040141677 0.37916666666666665 0.14994096812278632 0.3770833333333333 0.15584415584415584 0.37916666666666665 0.16883116883116883 0.384375 0.17119244391971664 0.39375 0.17001180637544275 0.40208333333333335 0.16056670602125148 0.39895833333333336 0.1487603305785124 0.39166666666666666 0.14403778040141677
0 0.428125 0.11452184179456906 0.4166666666666667 0.12278630460448642 0.415625 0.1322314049586777 0.42083333333333334 0.14757969303423848 0.4322916666666667 0.15466351829988192 0.446875 0.1487603305785124 0.45208333333333334 0.14285714285714285 0.446875 0.12278630460448642 0.4375 0.11452184179456906
0 0.4270833333333333 0.06965761511216056 0.4166666666666667 0.07319952774498228 0.4083333333333333 0.08500590318772137 0.415625 0.1038961038961039 0.425 0.10861865407319952 0.4427083333333333 0.1050767414403778 0.44895833333333335 0.09327036599763873 0.4479166666666667 0.07792207792207792 0.43645833333333334 0.06965761511216056
0 0.47708333333333336 0.06965761511216056 0.459375 0.07674144037780402 0.45625 0.09090909090909091 0.4583333333333333 0.10271546635182999 0.47291666666666665 0.1180637544273908 0.49375 0.11688311688311688 0.50625 0.10271546635182999 0.5083333333333333 0.09090909090909091 0.490625 0.07083825265643448 0.478125 0.07083825265643448
0 0.543403125 0.06965761511216056 0.5322916666666667 0.06965761511216056 0.5229166666666667 0.07674144037780402 0.515625 0.08736717827626919 0.515625 0.09917355371900827 0.53125 0.11688311688311688 0.540625 0.12160566706021252 0.5520833333333334 0.12160566706021252 0.559375 0.11452184179456906 0.565625 0.09208972845336481 0.559375 0.07792207792207792 0.5489583333333333 0.06965761511216056
0 0.6 0.07083825265643448 0.5822916666666667 0.08382526564344746 0.58125 0.09917355371900827 0.5916666666666667 0.10861865407319952 0.6125 0.10979929161747344 0.61875 0.10153482880755609 0.6197916666666666 0.08736717827626919 0.603125 0.07083825265643448
0 0.6572916666666667 0.043683589138134596 0.6395833333333333 0.0602125147579693 0.6375 0.07674144037780402 0.653125 0.10625737898465171 0.6697916666666667 0.10979929161747344 0.6875 0.09208972845336481 0.6927083333333334 0.07083825265643448 0.6875 0.05430932703659976 0.68125 0.047225501770956316 0.6635416666666667 0.043683589138134596
0 0.684375 0.11216056670602124 0.66875 0.12514757969303425 0.66875 0.15584415584415584 0.678125 0.17119244391971664 0.7 0.17591499409681227 0.715625 0.1641086186540732 0.7197916666666667 0.13695395513577333 0.7114583333333333 0.1204250295159386 0.6875 0.11216056670602124
0 0.7333333333333333 0.049586776859504134 0.715625 0.05785123966942149 0.7020833333333333 0.07792207792207792 0.7072916666666667 0.09917355371900827 0.725 0.11216056670602124 0.7427083333333333 0.11216056670602124 0.7510416666666667 0.10861865407319952 0.7614583333333333 0.08382526564344746 0.7541666666666667 0.05667060212514758 0.7364583333333333 0.049586776859504134
0 0.790625 0.06611570247933884 0.7791666666666667 0.07319952774498228 0.7760416666666666 0.09208972845336481 0.7885416666666667 0.10625737898465171 0.7958333333333333 0.10743801652892562 0.8072916666666666 0.10625737898465171 0.815625 0.09327036599763873 0.8135416666666667 0.07910271546635184 0.8 0.06611570247933884
0 0.8416666666666667 0.02243211334120425 0.8229166666666666 0.02715466351829988 0.815625 0.03541912632821724 0.8125 0.047225501770956316 0.815625 0.06847697756788666 0.834375 0.08146399055489964 0.8458333333333333 0.08028335301062574 0.8552083333333333 0.0743801652892562 0.8645833333333334 0.05430932703659976 0.8604166666666667 0.03541912632821724 0.85 0.024793388429752067 0.8427083333333333 0.023612750885478158
0 0.840625 0.089728453364817 0.825 0.09563164108618655 0.8197916666666667 0.10271546635182999 0.8197916666666667 0.11334120425029516 0.83125 0.1345926800472255 0.8510416666666667 0.1381345926800472 0.8625 0.12278630460448642 0.8604166666666667 0.1192443919716647 0.8635416666666667 0.11570247933884298 0.8635416666666667 0.10271546635182999 0.85625 0.09327036599763873 0.84375 0.089728453364817
0 0.9088541666666666 0.1641086186540732 0.8875 0.16883116883116883 0.8739583333333333 0.18890200708382526 0.8739583333333333 0.21251475796930341 0.88125 0.22786304604486424 0.8885416666666667 0.23258559622195984 0.9135416666666667 0.23140495867768596 0.925 0.22668240850059032 0.93125 0.21959858323494688 0.9375 0.1959858323494687 0.9270833333333334 0.17119244391971664 0.915625 0.1641086186540732
0 0.8552083333333333 0.14757969303423848 0.8479166666666667 0.14994096812278632 0.8395833333333333 0.16292798110979928 0.8416666666666667 0.1770956316410862 0.8541666666666666 0.18890200708382526 0.8614583333333333 0.18654073199527746 0.8739583333333333 0.16646989374262103 0.8739583333333333 0.15938606847697756 0.8677083333333333 0.14994096812278632 0.85625 0.1487603305785124
0 0.809028125 0.12868949232585597 0.7947916666666667 0.12987012987012986 0.790625 0.1357733175914994 0.7916666666666666 0.14994096812278632 0.7979166666666667 0.16056670602125148 0.8041666666666667 0.16292798110979928 0.8166666666666667 0.1617473435655254 0.8229166666666666 0.1511216056670602 0.825 0.13931523022432113 0.8145833333333333 0.12868949232585597
0 0.7572916666666667 0.14167650531286896 0.7447916666666666 0.14403778040141677 0.7427083333333333 0.15938606847697756 0.746875 0.16883116883116883 0.7614583333333333 0.16883116883116883 0.7677083333333333 0.16056670602125148 0.76875 0.15348288075560804 0.7583333333333333 0.14167650531286896
0 0.7208333333333333 0.1770956316410862 0.7104166666666667 0.179456906729634 0.7041666666666667 0.19244391971664698 0.70625 0.20306965761511217 0.71875 0.21487603305785125 0.7302083333333333 0.21369539551357733 0.740625 0.19834710743801653 0.7354166666666667 0.18181818181818182 0.7270833333333333 0.1770956316410862
0 0.6385416666666667 0.11097992916174734 0.634375 0.12160566706021252 0.634375 0.13695395513577333 0.6395833333333333 0.14403778040141677 0.646875 0.14403778040141677 0.653125 0.13695395513577333 0.6541666666666667 0.12160566706021252 0.6520833333333333 0.11688311688311688 0.6416666666666667 0.11097992916174734
0 0.8114583333333333 0.17119244391971664 0.8 0.17237308146399055 0.7916666666666666 0.18181818181818182 0.790625 0.1959858323494687 0.8 0.21487603305785125 0.8208333333333333 0.21841794569067297 0.8302083333333333 0.2077922077922078 0.8322916666666667 0.18890200708382526 0.8270833333333333 0.1770956316410862 0.8177083333333334 0.17119244391971664
0 0.8510416666666667 0.19834710743801653 0.84375 0.20425029515938606 0.8385416666666666 0.21605667060212513 0.8385416666666666 0.2243211334120425 0.8510416666666667 0.23140495867768596 0.8645833333333334 0.22668240850059032 0.8677083333333333 0.22077922077922077 0.8666666666666667 0.2066115702479339 0.8583333333333333 0.19834710743801653
0 0.8697916666666666 0.2361275088547816 0.8541666666666666 0.24557260920897284 0.8489583333333334 0.2632821723730815 0.85 0.27863046044864226 0.8583333333333333 0.28807556080283353 0.8697916666666666 0.2939787485242031 0.8770833333333333 0.2939787485242031 0.8864583333333333 0.28689492325855964 0.896875 0.2680047225501771 0.89375 0.24439197166469895 0.8770833333333333 0.2361275088547816
0 0.81875 0.22904368358913813 0.803125 0.23730814639905548 0.8010416666666667 0.2502951593860685 0.8052083333333333 0.26092089728453366 0.8208333333333333 0.27390791027154665 0.8333333333333334 0.2680047225501771 0.8385416666666666 0.2514757969303424 0.8354166666666667 0.23494687131050768 0.825 0.22904368358913813
0 0.8322916666666667 0.282172373081464 0.81875 0.29043683589138136 0.8125 0.3116883116883117 0.8166666666666667 0.3270365997638725 0.8322916666666667 0.3364817001180638 0.8479166666666667 0.33293978748524206 0.85625 0.31759149940968123 0.8552083333333333 0.2975206611570248 0.840625 0.282172373081464
0 0.9052083333333333 0.27508854781582054 0.8947916666666667 0.2845336481700118 0.8916666666666667 0.2939787485242031 0.9072916666666667 0.3069657615112161 0.9208333333333333 0.29279811097992914 0.91875 0.282172373081464 0.9114583333333334 0.27508854781582054
0 0.93125 0.26210153482880755 0.9239583333333333 0.269185360094451 0.9239583333333333 0.282172373081464 0.9291666666666667 0.29161747343565525 0.9416666666666667 0.29279811097992914 0.946875 0.27508854781582054 0.94375 0.26564344746162927 0.9385416666666667 0.26210153482880755
0 0.9135416666666667 0.23730814639905548 0.8979166666666667 0.24321133412042503 0.9020833333333333 0.26564344746162927 0.9104166666666667 0.27036599763872493 0.9208333333333333 0.2680047225501771 0.9260416666666667 0.2550177095631641 0.921875 0.24203069657615112 0.9145833333333333 0.23730814639905548
0 0.9270833333333334 0.12514757969303425 0.9166666666666666 0.1322314049586777 0.9145833333333333 0.14403778040141677 0.9166666666666666 0.15584415584415584 0.925 0.1617473435655254 0.9375 0.15820543093270367 0.94375 0.1487603305785124 0.9458333333333333 0.13695395513577333 0.9354166666666667 0.12514757969303425
0 0.8833333333333333 0.11334120425029516 0.8739583333333333 0.12160566706021252 0.8729166666666667 0.14049586776859505 0.88125 0.1511216056670602 0.8947916666666667 0.15348288075560804 0.9041666666666667 0.1487603305785124 0.9072916666666667 0.1322314049586777 0.9041666666666667 0.12160566706021252 0.8916666666666667 0.11334120425029516
0 0.925 0.08028335301062574 0.9125 0.08500590318772137 0.90625 0.09327036599763873 0.90625 0.11216056670602124 0.915625 0.1192443919716647 0.9260416666666667 0.1204250295159386 0.9375 0.11570247933884298 0.9416666666666667 0.1038961038961039 0.9416666666666667 0.0885478158205431 0.9333333333333333 0.08146399055489964 0.9260416666666667 0.08146399055489964
0 0.8833333333333333 0.06257378984651712 0.8760416666666667 0.06611570247933884 0.8666666666666667 0.08028335301062574 0.8697916666666666 0.09563164108618655 0.8802083333333334 0.10153482880755609 0.8895833333333333 0.09917355371900827 0.8989583333333333 0.08736717827626919 0.8979166666666667 0.07083825265643448 0.8864583333333333 0.06257378984651712
0 0.9177083333333333 0.04014167650531287 0.903125 0.049586776859504134 0.903125 0.05785123966942149 0.9125 0.07083825265643448 0.925 0.07319952774498228 0.9322916666666666 0.06729634002361275 0.9333333333333333 0.05194805194805195 0.9322916666666666 0.04604486422668241 0.9239583333333333 0.04014167650531287
0 0.8833333333333333 0.02833530106257379 0.871875 0.03423848878394333 0.8739583333333333 0.05076741440377804 0.8791666666666667 0.05548996458087367 0.89375 0.05667060212514758 0.896875 0.05430932703659976 0.8989583333333333 0.04132231404958678 0.8916666666666667 0.030696576151121605 0.884375 0.0295159386068477
0 0.925 0 0.8989583333333333 0 0.8947916666666667 0.02243211334120425 0.9 0.031877213695395513 0.9104166666666667 0.03541912632821724 0.921875 0.031877213695395513 0.93125 0.020070838252656435 0.9302083333333333 0
0 0.88125 0 0.85 0 0.85 0.009445100354191263 0.859375 0.02243211334120425 0.8729166666666667 0.023612750885478158 0.8833333333333333 0.014167650531286895 0.8864583333333333 0
0 0.8352677083333333 0 0.803125 0.0011806375442739079 0.8114583333333333 0.012987012987012988 0.825 0.01770956316410862 0.8354166666666667 0.011806375442739079 0.840625 0
0 0.7666666666666667 0 0.7489583333333333 0.008264462809917356 0.7458333333333333 0.01770956316410862 0.7479166666666667 0.03659976387249114 0.759375 0.049586776859504134 0.771875 0.05667060212514758 0.7822916666666667 0.05785123966942149 0.7927083333333333 0.05194805194805195 0.7979166666666667 0.03659976387249114 0.796875 0.025974025974025976 0.7927083333333333 0.01652892561983471 0.771875 0
0 0.7135416666666666 0 0.6875 0 0.68125 0.02243211334120425 0.6822916666666666 0.030696576151121605 0.6885416666666667 0.03896103896103896 0.703125 0.04250295159386069 0.7166666666666667 0.031877213695395513 0.7197916666666667 0.02243211334120425 0.71875 0
0 0.6572916666666667 0 0.63125 0 0.625 0.014167650531286895 0.6260416666666667 0.02833530106257379 0.64375 0.03778040141676505 0.6614583333333334 0.03305785123966942 0.6666666666666666 0.01770956316410862 0.6625 0
0 0.5833333333333334 0.0059031877213695395 0.5708333333333333 0.011806375442739079 0.5697916666666667 0.02715466351829988 0.5833333333333334 0.048406139315230225 0.5958333333333333 0.049586776859504134 0.6052083333333333 0.043683589138134596 0.6083333333333333 0.03423848878394333 0.6072916666666667 0.023612750885478158 0.5989583333333334 0.009445100354191263 0.5864583333333333 0.0059031877213695395
0 0.6260416666666667 0.03896103896103896 0.6208333333333333 0.04250295159386069 0.6145833333333334 0.05785123966942149 0.6302083333333334 0.06493506493506493 0.6364583333333333 0.0590318772136954 0.640625 0.04604486422668241 0.6270833333333333 0.03896103896103896
0 0.578125 0.11334120425029516 0.5625 0.12632821723730814 0.5635416666666667 0.1334120425029516 0.5739583333333333 0.1357733175914994 0.578125 0.13105076741440377 0.58125 0.12160566706021252 0.5791666666666667 0.11452184179456906
0 0.5666666666666667 0.05076741440377804 0.5614583333333333 0.05194805194805195 0.5541666666666667 0.06139315230224321 0.5635416666666667 0.07083825265643448 0.5729166666666666 0.07319952774498228 0.5791666666666667 0.06375442739079103 0.5708333333333333 0.05194805194805195 0.5677083333333334 0.05194805194805195
0 0.528125 0.004722550177095631 0.5177083333333333 0.012987012987012988 0.509375 0.0295159386068477 0.509375 0.03778040141676505 0.5135416666666667 0.047225501770956316 0.525 0.05548996458087367 0.54375 0.0602125147579693 0.5572916666666666 0.03896103896103896 0.5583333333333333 0.0295159386068477 0.5479166666666667 0.014167650531286895 0.5322916666666667 0.004722550177095631
0 0.48020833333333335 0.018890200708382526 0.46458333333333335 0.023612750885478158 0.45416666666666666 0.03896103896103896 0.4583333333333333 0.05430932703659976 0.4739583333333333 0.06493506493506493 0.490625 0.06257378984651712 0.5020833333333333 0.04250295159386069 0.49895833333333334 0.02833530106257379 0.48333333333333334 0.018890200708382526
0 0.434375 0.02833530106257379 0.421875 0.031877213695395513 0.4083333333333333 0.04250295159386069 0.40729166666666666 0.049586776859504134 0.41458333333333336 0.06139315230224321 0.43645833333333334 0.06375442739079103 0.44375 0.05667060212514758 0.44583333333333336 0.04604486422668241 0.44166666666666665 0.03423848878394333 0.4354166666666667 0.02833530106257379
0 0.4317708333333333 0 0.41458333333333336 0 0.41458333333333336 0.0059031877213695395 0.43020833333333336 0.01652892561983471 0.4375 0.011806375442739079 0.4375 0
0 0.48736979166666666 0 0.45 0.0011806375442739079 0.465625 0.012987012987012988 0.47604166666666664 0.012987012987012988 0.4895833333333333 0.0059031877213695395 0.49270833333333336 0
0 0.5057291666666667 0 0.49895833333333334 0 0.4895833333333333 0.011806375442739079 0.49270833333333336 0.018890200708382526 0.5010416666666667 0.023612750885478158 0.5083333333333333 0.020070838252656435 0.5135416666666667 0.008264462809917356 0.5125 0
0 0.50625 0.05076741440377804 0.4947916666666667 0.06611570247933884 0.4947916666666667 0.07083825265643448 0.50625 0.07910271546635184 0.5125 0.07910271546635184 0.5260416666666666 0.06375442739079103 0.5239583333333333 0.05785123966942149 0.5125 0.05076741440377804
0 0.396875 0.11688311688311688 0.38958333333333334 0.1322314049586777 0.3927083333333333 0.13931523022432113 0.40208333333333335 0.13931523022432113 0.409375 0.1334120425029516 0.41041666666666665 0.12632821723730814 0.403125 0.11688311688311688
0 0.6447916666666667 0.16056670602125148 0.6375 0.16765053128689492 0.6375 0.179456906729634 0.6458333333333334 0.19244391971664698 0.6552083333333333 0.1959858323494687 0.6583333333333333 0.19244391971664698 0.659375 0.1770956316410862 0.65625 0.1641086186540732 0.6510416666666666 0.16056670602125148
0 0.471875 0.23140495867768596 0.46458333333333335 0.23258559622195984 0.46875 0.24911452184179456 0.4875 0.24911452184179456 0.4875 0.2384887839433294 0.478125 0.23140495867768596
0 0.42083333333333334 0.41086186540731995 0.4166666666666667 0.41440377804014167 0.4197916666666667 0.43565525383707204 0.44583333333333336 0.4380165289256198 0.4427083333333333 0.4167650531286895 0.4395833333333333 0.4132231404958678 0.42291666666666666 0.41086186540731995