0 0.4142300194931774 0.674074074074074 0.41130604288499023 0.687962962962963 0.42105263157894735 0.7037037037037037 0.4317738791423002 0.7083333333333334 0.4444444444444444 0.7074074074074074 0.449317738791423 0.7037037037037037 0.4551656920077973 0.687962962962963 0.449317738791423 0.6675925925925926 0.4405458089668616 0.662962962962963 0.4298245614035088 0.662962962962963
0 0.34990253411306044 0.6990740740740741 0.347953216374269 0.7074074074074074 0.35282651072124754 0.7212962962962963 0.36939571150097467 0.7324074074074074 0.3908382066276803 0.7268518518518519 0.40253411306042886 0.7111111111111111 0.3996101364522417 0.6916666666666667 0.3820662768031189 0.6814814814814815 0.361598440545809 0.6861111111111111
0 0.3635477582846004 0.6333333333333333 0.3645224171539961 0.6648148148148149 0.3713450292397661 0.675 0.40058479532163743 0.675 0.41812865497076024 0.6574074074074074 0.41812865497076024 0.6324074074074074 0.40545808966861596 0.6194444444444445 0.38596491228070173 0.6175925925925926 0.3762183235867446 0.6203703703703703
0 0.3255360623781676 0.6537037037037037 0.3255360623781676 0.6666666666666666 0.33235867446393763 0.6768518518518518 0.34210526315789475 0.6796296296296296 0.3567251461988304 0.6731481481481482 0.3586744639376218 0.6611111111111111 0.34990253411306044 0.6518518518518519 0.3304093567251462 0.65
0 0.3001949317738791 0.6898148148148148 0.297270955165692 0.7 0.3031189083820663 0.7166666666666667 0.3206627680311891 0.7212962962962963 0.3333333333333333 0.7138888888888889 0.3362573099415205 0.7 0.32943469785575047 0.6898148148148148 0.31871345029239767 0.687037037037037
0 0.27680311890838205 0.7398148148148148 0.27680311890838205 0.7527777777777778 0.2884990253411306 0.7620370370370371 0.30409356725146197 0.7601851851851852 0.3128654970760234 0.7462962962962963 0.310916179337232 0.7342592592592593 0.297270955165692 0.7277777777777777 0.28362573099415206 0.7296296296296296
0 0.32943469785575047 0.7342592592592593 0.32943469785575047 0.7537037037037037 0.33430799220272905 0.7583333333333333 0.34307992202729043 0.7555555555555555 0.3489278752436647 0.7462962962962963 0.3489278752436647 0.7342592592592593 0.3382066276803119 0.7305555555555555
0 0.36257309941520466 0.7490740740740741 0.3635477582846004 0.7675925925925926 0.3742690058479532 0.7731481481481481 0.3820662768031189 0.7712962962962963 0.38499025341130605 0.7648148148148148 0.37719298245614036 0.7481481481481481 0.3654970760233918 0.7462962962962963
0 0.3898635477582846 0.7398148148148148 0.38693957115009747 0.7425925925925926 0.38791423001949316 0.7518518518518519 0.39766081871345027 0.7564814814814815 0.3996101364522417 0.7444444444444445 0.3966861598440546 0.7398148148148148
0 0.4074074074074074 0.7296296296296296 0.4064327485380117 0.737037037037037 0.41130604288499023 0.7481481481481481 0.41812865497076024 0.7527777777777778 0.4327485380116959 0.7481481481481481 0.43567251461988304 0.7351851851851852 0.42787524366471735 0.7222222222222222 0.4171539961013645 0.7203703703703703
0 0.44346978557504874 0.7231481481481481 0.4473684210526316 0.7472222222222222 0.45321637426900585 0.75 0.4619883040935672 0.7481481481481481 0.46881091617933723 0.7379629629629629 0.46588693957115007 0.7296296296296296 0.4502923976608187 0.7185185185185186
0 0.4142300194931774 0.5916666666666667 0.4152046783625731 0.6129629629629629 0.4317738791423002 0.6268518518518519 0.44541910331384016 0.6296296296296297 0.4649122807017544 0.6175925925925926 0.4668615984405458 0.5944444444444444 0.4580896686159844 0.5814814814814815 0.4317738791423002 0.575925925925926
0 0.44834307992202727 0.6361111111111111 0.4502923976608187 0.649074074074074 0.46393762183235865 0.6583333333333333 0.4766081871345029 0.6546296296296297 0.4834307992202729 0.6416666666666667 0.4824561403508772 0.6324074074074074 0.47368421052631576 0.6277777777777778 0.4600389863547758 0.6296296296296297
0 0.4746588693957115 0.6703703703703704 0.4697855750487329 0.675 0.47173489278752434 0.687962962962963 0.48050682261208577 0.6925925925925925 0.4902534113060429 0.6916666666666667 0.4951267056530214 0.6861111111111111 0.4922027290448343 0.674074074074074 0.4844054580896686 0.6685185185185185
0 0.4756335282651072 0.5925925925925926 0.4746588693957115 0.6138888888888889 0.48050682261208577 0.6231481481481481 0.5048732943469786 0.6240740740740741 0.5126705653021443 0.6212962962962963 0.52046783625731 0.612037037037037 0.5146198830409356 0.5953703703703703 0.5019493177387915 0.587037037037037 0.48635477582846004 0.587037037037037
0 0.49707602339181284 0.6472222222222223 0.4980506822612086 0.6638888888888889 0.51364522417154 0.6796296296296296 0.5233918128654971 0.6805555555555556 0.5399610136452242 0.6675925925925926 0.5350877192982456 0.65 0.5263157894736842 0.6435185185185185 0.50682261208577 0.6407407407407407
0 0.5253411306042886 0.6222222222222222 0.5263157894736842 0.6333333333333333 0.5399610136452242 0.6462962962962963 0.550682261208577 0.6472222222222223 0.5614035087719298 0.6425925925925926 0.5614035087719298 0.6231481481481481 0.5467836257309941 0.612037037037037 0.5341130604288499 0.6092592592592593
0 0.5 0.5407407407407407 0.49902534113060426 0.55 0.5048732943469786 0.5657407407407408 0.5116959064327485 0.5703703703703704 0.5224171539961013 0.5712962962962963 0.5380116959064327 0.5537037037037037 0.5409356725146199 0.5268518518518519 0.5155945419103314 0.5185185185185185 0.5087719298245614 0.5222222222222223
0 0.43664717348927873 0.5398148148148149 0.43762183235867447 0.5527777777777778 0.4473684210526316 0.562037037037037 0.4600389863547758 0.5638888888888889 0.47368421052631576 0.5555555555555556 0.4756335282651072 0.5342592592592592 0.46588693957115007 0.5259259259259259 0.4502923976608187 0.5268518518518519
0 0.46296296296296297 0.487962962962963 0.4600389863547758 0.5037037037037037 0.46588693957115007 0.5148148148148148 0.4766081871345029 0.5194444444444445 0.4902534113060429 0.5148148148148148 0.49707602339181284 0.4962962962962963 0.49317738791423 0.47962962962962963 0.48830409356725146 0.475 0.47368421052631576 0.475
0 0.398635477582846 0.47314814814814815 0.3966861598440546 0.49074074074074076 0.3996101364522417 0.5018518518518519 0.4142300194931774 0.5138888888888888 0.4317738791423002 0.5120370370370371 0.43664717348927873 0.49537037037037035 0.43567251461988304 0.47962962962962963 0.43079922027290446 0.46944444444444444 0.42592592592592593 0.4648148148148148 0.4152046783625731 0.46296296296296297
0 0.3226120857699805 0.6037037037037037 0.3216374269005848 0.625 0.3255360623781676 0.6305555555555555 0.3469785575048733 0.6333333333333333 0.35477582846003897 0.6277777777777778 0.3586744639376218 0.6055555555555555 0.34990253411306044 0.5935185185185186 0.34405458089668617 0.5907407407407408 0.33235867446393763 0.5925925925925926 0.32651072124756336 0.5953703703703703
0 0.2680311890838207 0.6435185185185185 0.2729044834307992 0.6703703703703704 0.2962962962962963 0.6787037037037037 0.30701754385964913 0.6787037037037037 0.310916179337232 0.675 0.31773879142300193 0.6592592592592592 0.31773879142300193 0.6472222222222223 0.30896686159844056 0.6314814814814815 0.29142300194931775 0.6287037037037037
0 0.5029239766081871 0.6972222222222222 0.5029239766081871 0.7074074074074074 0.5077972709551657 0.7148148148148148 0.5194931773879142 0.7175925925925926 0.5272904483430799 0.7129629629629629 0.5263157894736842 0.6962962962962963 0.5224171539961013 0.6907407407407408 0.5107212475633528 0.6898148148148148
0 0.4678362573099415 0.7027777777777777 0.4668615984405458 0.7129629629629629 0.4766081871345029 0.7240740740740741 0.4922027290448343 0.7203703703703703 0.49317738791423 0.7129629629629629 0.48830409356725146 0.7037037037037037 0.47953216374269003 0.6990740740740741 0.47173489278752434 0.6990740740740741
0 0.5321637426900585 0.687962962962963 0.5370370370370371 0.7083333333333334 0.5487329434697856 0.7101851851851851 0.5565302144249513 0.7055555555555556 0.557504873294347 0.6935185185185185 0.5516569200779727 0.687962962962963 0.543859649122807 0.6842592592592592
0 0.5487329434697856 0.6648148148148149 0.5497076023391813 0.674074074074074 0.5594541910331384 0.6814814814814815 0.5740740740740741 0.6787037037037037 0.5799220272904484 0.6712962962962963 0.5789473684210527 0.662962962962963 0.5701754385964912 0.6564814814814814 0.5594541910331384 0.6574074074074074
0 0.5399610136452242 0.5824074074074074 0.543859649122807 0.5962962962962963 0.5565302144249513 0.6018518518518519 0.5682261208576999 0.6 0.5760233918128655 0.5879629629629629 0.5740740740740741 0.5777777777777777 0.564327485380117 0.5703703703703704 0.5565302144249513 0.5712962962962963
0 0.5906432748538012 0.5722222222222222 0.5906432748538012 0.5879629629629629 0.5994152046783626 0.600925925925926 0.6081871345029239 0.6046296296296296 0.6286549707602339 0.6018518518518519 0.6345029239766082 0.5768518518518518 0.6257309941520468 0.5657407407407408 0.5984405458089669 0.562962962962963
0 0.5974658869395711 0.5185185185185185 0.5964912280701754 0.5287037037037037 0.6003898635477583 0.537962962962963 0.615009746588694 0.5509259259259259 0.6276803118908382 0.55 0.6403508771929824 0.5407407407407407 0.6413255360623782 0.5203703703703704 0.6296296296296297 0.5074074074074074 0.6042884990253411 0.5111111111111111
0 0.6384015594541911 0.5564814814814815 0.6384015594541911 0.5694444444444444 0.6491228070175439 0.5805555555555556 0.6569200779727096 0.5796296296296296 0.6676413255360624 0.5675925925925925 0.6686159844054581 0.5546296296296296 0.6578947368421053 0.5444444444444444 0.6471734892787524 0.5453703703703704
0 0.5526315789473685 0.49907407407407406 0.5536062378167641 0.5111111111111111 0.5662768031189084 0.524074074074074 0.5701754385964912 0.524074074074074 0.5828460038986355 0.5055555555555555 0.580896686159844 0.49166666666666664 0.5721247563352827 0.48518518518518516 0.5633528265107213 0.48518518518518516
0 0.20175438596491227 0.700925925925926 0.20077972709551656 0.725 0.20662768031189083 0.7351851851851852 0.22319688109161792 0.7444444444444445 0.2378167641325536 0.7444444444444445 0.24951267056530213 0.7398148148148148 0.25633528265107214 0.7287037037037037 0.25633528265107214 0.7092592592592593 0.24171539961013644 0.6907407407407408 0.2202729044834308 0.687962962962963 0.20662768031189083 0.6944444444444444
0 0.1783625730994152 0.7638888888888888 0.1783625730994152 0.7796296296296297 0.1861598440545809 0.7916666666666666 0.2046783625730994 0.799074074074074 0.21929824561403508 0.7925925925925926 0.22514619883040934 0.7796296296296297 0.22514619883040934 0.7638888888888888 0.21442495126705652 0.7472222222222222 0.20662768031189083 0.7444444444444445 0.19395711500974658 0.7462962962962963 0.18323586744639375 0.7546296296296297
0 0.23586744639376217 0.7620370370370371 0.2378167641325536 0.7898148148148149 0.25048732943469787 0.7972222222222223 0.2651072124756335 0.7935185185185185 0.2729044834307992 0.7768518518518519 0.26900584795321636 0.7555555555555555 0.2621832358674464 0.75 0.2475633528265107 0.7490740740740741 0.24074074074074073 0.7518518518518519
0 0.2826510721247563 0.7787037037037037 0.28167641325536064 0.7944444444444444 0.29239766081871343 0.799074074074074 0.3001949317738791 0.7962962962962963 0.3031189083820663 0.7888888888888889 0.30116959064327486 0.7796296296296297 0.2933723196881092 0.774074074074074
0 0.3128654970760234 0.7768518518518519 0.3128654970760234 0.7916666666666666 0.31968810916179335 0.7972222222222223 0.32748538011695905 0.7962962962962963 0.33235867446393763 0.7870370370370371 0.32943469785575047 0.7722222222222223 0.3206627680311891 0.7685185185185185
0 0.34405458089668617 0.7685185185185185 0.341130604288499 0.7824074074074074 0.35185185185185186 0.7888888888888889 0.3586744639376218 0.7814814814814814 0.35769980506822613 0.774074074074074 0.35282651072124754 0.7685185185185185
0 0.15692007797270954 0.6444444444444445 0.15886939571150097 0.6712962962962963 0.16764132553606237 0.6842592592592592 0.1881091617933723 0.6907407407407408 0.2046783625730994 0.6796296296296296 0.21052631578947367 0.6546296296296297 0.19785575048732942 0.6333333333333333 0.17446393762183235 0.6333333333333333
0 0.2212475633528265 0.6518518518518519 0.22319688109161792 0.6666666666666666 0.2309941520467836 0.6777777777777778 0.2378167641325536 0.6768518518518518 0.24269005847953215 0.6824074074074075 0.25925925925925924 0.6712962962962963 0.25925925925925924 0.6638888888888889 0.24853801169590642 0.6472222222222223 0.2309941520467836 0.6435185185185185
0 0.24269005847953215 0.5990740740740741 0.24269005847953215 0.6157407407407407 0.253411306042885 0.6259259259259259 0.2719298245614035 0.6240740740740741 0.2826510721247563 0.6129629629629629 0.2807017543859649 0.5972222222222222 0.27485380116959063 0.5907407407407408 0.25146198830409355 0.5916666666666667
0 0.05847953216374269 0.7212962962962963 0.0594541910331384 0.7398148148148148 0.07407407407407407 0.7564814814814815 0.09941520467836257 0.7555555555555555 0.11306042884990253 0.7481481481481481 0.1189083820662768 0.7379629629629629 0.1101364522417154 0.7055555555555556 0.10136452241715399 0.6981481481481482 0.08382066276803118 0.6981481481481482 0.07017543859649122 0.7037037037037037
0 0.043859649122807015 0.662962962962963 0.04483430799220273 0.6814814814814815 0.05847953216374269 0.6953703703703704 0.07407407407407407 0.6953703703703704 0.08869395711500974 0.687962962962963 0.09064327485380116 0.6648148148148149 0.0769980506822612 0.6527777777777778 0.056530214424951264 0.6509259259259259
0 0.10038986354775828 0.6620370370370371 0.1023391812865497 0.6824074074074075 0.11598440545808966 0.6972222222222222 0.1267056530214425 0.6972222222222222 0.14035087719298245 0.6898148148148148 0.145224171539961 0.6796296296296296 0.1442495126705653 0.6620370370370371 0.13060428849902533 0.6481481481481481 0.11208576998050682 0.649074074074074
0 0.12475633528265107 0.7435185185185185 0.12475633528265107 0.7574074074074074 0.13742690058479531 0.7768518518518519 0.15594541910331383 0.7787037037037037 0.16569200779727095 0.7731481481481481 0.16861598440545808 0.7509259259259259 0.1617933723196881 0.7398148148148148 0.13840155945419103 0.7351851851851852 0.12962962962962962 0.737037037037037
0 0.1695906432748538 0.7268518518518519 0.1705653021442495 0.7388888888888889 0.18128654970760233 0.7435185185185185 0.18908382066276802 0.7416666666666667 0.195906432748538 0.7342592592592593 0.19395711500974658 0.7212962962962963 0.1881091617933723 0.7157407407407408 0.1793372319688109 0.7157407407407408
0 0.15204678362573099 0.7027777777777777 0.15204678362573099 0.7111111111111111 0.1608187134502924 0.7175925925925926 0.17543859649122806 0.7101851851851851 0.17543859649122806 0.7055555555555556 0.16861598440545808 0.6990740740740741 0.15692007797270954 0.6981481481481482
0 0.12280701754385964 0.7046296296296296 0.12085769980506822 0.7092592592592593 0.1276803118908382 0.7222222222222222 0.13255360623781676 0.725 0.14035087719298245 0.7231481481481481 0.14327485380116958 0.7194444444444444 0.14132553606237816 0.7055555555555556
0 0.09551656920077972 0.7648148148148148 0.0935672514619883 0.7731481481481481 0.10136452241715399 0.7842592592592592 0.11403508771929824 0.787962962962963 0.12183235867446393 0.7833333333333333 0.12378167641325535 0.7731481481481481 0.11598440545808966 0.7601851851851852 0.10331384015594541 0.7601851851851852
0 0.04483430799220273 0.775 0.04678362573099415 0.7972222222222223 0.057504873294346975 0.8064814814814815 0.07115009746588694 0.8064814814814815 0.08576998050682261 0.7898148148148149 0.08576998050682261 0.7731481481481481 0.07407407407407407 0.7611111111111111 0.0594541910331384 0.7620370370370371
0 0.08187134502923976 0.8064814814814815 0.07992202729044834 0.8175925925925925 0.08674463937621832 0.8240740740740741 0.09551656920077972 0.8231481481481482 0.10721247563352826 0.8111111111111111 0.10623781676413255 0.799074074074074 0.09844054580896686 0.7935185185185185 0.09064327485380116 0.7962962962962963
0 0.12085769980506822 0.799074074074074 0.11988304093567251 0.8111111111111111 0.12378167641325535 0.8185185185185185 0.13937621832358674 0.8222222222222222 0.14619883040935672 0.8175925925925925 0.14717348927875243 0.8074074074074075 0.1364522417153996 0.7916666666666666 0.12962962962962962 0.7907407407407407
0 0.15497076023391812 0.7935185185185185 0.15497076023391812 0.8092592592592592 0.15886939571150097 0.8166666666666667 0.17348927875243664 0.8175925925925925 0.18128654970760233 0.8046296296296296 0.1793372319688109 0.7944444444444444 0.16861598440545808 0.7870370370370371 0.1608187134502924 0.787962962962963
0 0.18031189083820662 0.8203703703703704 0.18226120857699804 0.8388888888888889 0.195906432748538 0.8472222222222222 0.20955165692007796 0.8453703703703703 0.21832358674463936 0.8351851851851851 0.2202729044834308 0.8203703703703704 0.21052631578947367 0.8083333333333333 0.19103313840155944 0.8083333333333333
0 0.14814814814814814 0.8351851851851851 0.14619883040935672 0.8462962962962963 0.1530214424951267 0.8527777777777777 0.16471734892787523 0.8546296296296296 0.17153996101364521 0.8490740740740741 0.17348927875243664 0.8398148148148148 0.16764132553606237 0.8314814814814815 0.15789473684210525 0.8287037037037037
0 0.22319688109161792 0.8416666666666667 0.22319688109161792 0.85 0.23391812865497075 0.8527777777777777 0.24463937621832357 0.8453703703703703 0.246588693957115 0.8342592592592593 0.24171539961013644 0.8296296296296296 0.23294346978557504 0.8287037037037037
0 0.25925925925925924 0.8361111111111111 0.260233918128655 0.8518518518518519 0.26900584795321636 0.8611111111111112 0.2807017543859649 0.862037037037037 0.2953216374269006 0.850925925925926 0.2953216374269006 0.8379629629629629 0.2855750487329435 0.8268518518518518 0.26900584795321636 0.8268518518518518
0 0.24366471734892786 0.8111111111111111 0.24269005847953215 0.8175925925925925 0.246588693957115 0.8222222222222222 0.25828460038986356 0.8240740740740741 0.26120857699805067 0.8175925925925925 0.25828460038986356 0.8092592592592592 0.25048732943469787 0.8064814814814815
0 0.2222222222222222 0.8018518518518518 0.22417153996101363 0.8101851851851852 0.2309941520467836 0.812037037037037 0.23391812865497075 0.8074074074074075 0.23196881091617932 0.8009259259259259 0.22612085769980506 0.799074074074074
0 0.09649122807017543 0.8398148148148148 0.09551656920077972 0.8490740740740741 0.10526315789473684 0.8592592592592593 0.12573099415204678 0.8564814814814815 0.13255360623781676 0.8453703703703703 0.12962962962962962 0.8361111111111111 0.11695906432748537 0.8296296296296296 0.1023391812865497 0.8324074074074074
0 0.04873294346978557 0.8240740740740741 0.04873294346978557 0.8388888888888889 0.05555555555555555 0.8425925925925926 0.06725146198830409 0.8388888888888889 0.07212475633528265 0.8324074074074074 0.07212475633528265 0.8240740740740741 0.06627680311890838 0.8194444444444444 0.05555555555555555 0.8185185185185185
0 0.014619883040935672 0.8046296296296296 0.01364522417153996 0.8148148148148148 0.018518518518518517 0.8231481481481482 0.030214424951267055 0.8240740740740741 0.03898635477582846 0.8194444444444444 0.03996101364522417 0.8064814814814815 0.036062378167641324 0.8018518518518518 0.023391812865497075 0.8009259259259259
0 0.016569200779727095 0.8472222222222222 0.018518518518518517 0.8592592592592593 0.025341130604288498 0.8629629629629629 0.038011695906432746 0.8629629629629629 0.042884990253411304 0.8592592592592593 0.043859649122807015 0.8481481481481481 0.037037037037037035 0.8416666666666667 0.023391812865497075 0.8416666666666667
0 0.057504873294346975 0.8592592592592593 0.05847953216374269 0.8722222222222222 0.07017543859649122 0.8796296296296297 0.08089668615984405 0.8796296296296297 0.08966861598440545 0.8657407407407407 0.08576998050682261 0.8564814814814815 0.07504873294346978 0.850925925925926 0.06725146198830409 0.8518518518518519
0 0.09844054580896686 0.8759259259259259 0.1023391812865497 0.887962962962963 0.11500974658869395 0.8907407407407407 0.12280701754385964 0.8898148148148148 0.1286549707602339 0.8787037037037037 0.12280701754385964 0.8694444444444445 0.1023391812865497 0.8712962962962963
0 0.056530214424951264 0.8981481481481481 0.05458089668615984 0.9111111111111111 0.057504873294346975 0.9166666666666666 0.0769980506822612 0.9138888888888889 0.08089668615984405 0.9037037037037037 0.07797270955165692 0.8953703703703704 0.06920077972709551 0.8935185185185185
0 0.016569200779727095 0.9305555555555556 0.016569200779727095 0.9416666666666667 0.022417153996101363 0.95 0.03313840155945419 0.9537037037037037 0.043859649122807015 0.9490740740740741 0.04775828460038986 0.9314814814814815 0.04191033138401559 0.924074074074074 0.02729044834307992 0.9231481481481482
0 0.06042884990253411 0.9342592592592592 0.0594541910331384 0.9444444444444444 0.06920077972709551 0.9527777777777777 0.08284600389863547 0.9518518518518518 0.0935672514619883 0.9453703703703704 0.0935672514619883 0.9333333333333333 0.08869395711500974 0.9287037037037037 0.07309941520467836 0.9287037037037037
0 0.10818713450292397 0.9324074074074075 0.10623781676413255 0.9444444444444444 0.1101364522417154 0.9518518518518518 0.12573099415204678 0.9537037037037037 0.13352826510721247 0.9481481481481482 0.13450292397660818 0.9342592592592592 0.12962962962962962 0.9259259259259259
0 0.09844054580896686 0.9009259259259259 0.09454191033138401 0.9046296296296297 0.09454191033138401 0.9166666666666666 0.09746588693957114 0.9194444444444444 0.1101364522417154 0.9175925925925926 0.11598440545808966 0.9120370370370371 0.11500974658869395 0.9046296296296297
0 0.1286549707602339 0.8972222222222223 0.1267056530214425 0.9055555555555556 0.12962962962962962 0.912962962962963 0.1442495126705653 0.9148148148148149 0.15009746588693956 0.9064814814814814 0.14912280701754385 0.8981481481481481 0.14132553606237816 0.8935185185185185
0 0.14717348927875243 0.925 0.145224171539961 0.9324074074074075 0.14912280701754385 0.9425925925925925 0.15497076023391812 0.9462962962962963 0.16471734892787523 0.9453703703703704 0.17251461988304093 0.9324074074074075 0.1705653021442495 0.925 0.1617933723196881 0.9194444444444444
0 0.15984405458089668 0.8944444444444445 0.15886939571150097 0.9046296296296297 0.16471734892787523 0.9111111111111111 0.17251461988304093 0.9138888888888889 0.18128654970760233 0.9083333333333333 0.18226120857699804 0.8935185185185185 0.1783625730994152 0.8898148148148148 0.16861598440545808 0.8888888888888888
0 0.13840155945419103 0.8666666666666667 0.13840155945419103 0.8824074074074074 0.14814814814814814 0.887962962962963 0.15692007797270954 0.8861111111111111 0.1617933723196881 0.8777777777777778 0.1608187134502924 0.8694444444444445 0.15204678362573099 0.8638888888888889
0 0.17641325536062377 0.8629629629629629 0.17446393762183235 0.8722222222222222 0.1783625730994152 0.8768518518518519 0.18908382066276802 0.8796296296296297 0.195906432748538 0.8740740740740741 0.1968810916179337 0.8657407407407407 0.19200779727095516 0.8592592592592593 0.18226120857699804 0.8583333333333333
0 0.21637426900584794 0.912962962962963 0.21442495126705652 0.925 0.2212475633528265 0.9351851851851852 0.23391812865497075 0.937037037037037 0.24171539961013644 0.9333333333333333 0.24853801169590642 0.9185185185185185 0.24366471734892786 0.9074074074074074 0.2309941520467836 0.9046296296296297
0 0.18323586744639375 0.9203703703703704 0.18518518518518517 0.9361111111111111 0.195906432748538 0.937962962962963 0.2037037037037037 0.9351851851851852 0.2046783625730994 0.9259259259259259 0.19980506822612085 0.9185185185185185 0.1881091617933723 0.9166666666666666
0 0.19395711500974658 0.8944444444444445 0.19298245614035087 0.9046296296296297 0.2046783625730994 0.9064814814814814 0.20760233918128654 0.9027777777777778 0.2046783625730994 0.8925925925925926
0 0.2543859649122807 0.9324074074074075 0.2543859649122807 0.9462962962962963 0.25828460038986356 0.9490740740740741 0.27387914230019494 0.950925925925926 0.2777777777777778 0.9481481481481482 0.2777777777777778 0.9351851851851852 0.2719298245614035 0.9287037037037037 0.260233918128655 0.9268518518518518
0 0.26413255360623783 0.9009259259259259 0.2631578947368421 0.9092592592592592 0.26900584795321636 0.9166666666666666 0.28654970760233917 0.9138888888888889 0.2894736842105263 0.9037037037037037 0.2826510721247563 0.8953703703703704 0.2719298245614035 0.8944444444444445
0 0.30701754385964913 0.9037037037037037 0.3050682261208577 0.9138888888888889 0.30994152046783624 0.9231481481481482 0.31773879142300193 0.924074074074074 0.3304093567251462 0.9166666666666666 0.33235867446393763 0.9074074074074074 0.32748538011695905 0.9 0.31773879142300193 0.899074074074074
0 0.2875243664717349 0.9305555555555556 0.28654970760233917 0.9361111111111111 0.2962962962962963 0.937962962962963 0.2982456140350877 0.9277777777777778 0.2953216374269006 0.925
0 0.29142300194931775 0.8685185185185185 0.2875243664717349 0.8722222222222222 0.2884990253411306 0.8833333333333333 0.2953216374269006 0.8888888888888888 0.30701754385964913 0.8870370370370371 0.30896686159844056 0.8694444444444445 0.30214424951267055 0.8657407407407407
0 0.21442495126705652 0.8833333333333333 0.21539961013645223 0.8935185185185185 0.2222222222222222 0.8972222222222223 0.23391812865497075 0.8898148148148148 0.22807017543859648 0.8814814814814815
0 0.24366471734892786 0.8870370370370371 0.24269005847953215 0.8935185185185185 0.2475633528265107 0.8981481481481481 0.25828460038986356 0.8935185185185185 0.25925925925925924 0.887962962962963 0.2543859649122807 0.8824074074074074
0 0.3079922027290448 0.8444444444444444 0.3031189083820663 0.8490740740740741 0.3031189083820663 0.8555555555555555 0.31676413255360625 0.8555555555555555 0.31871345029239767 0.8472222222222222
0 0.3235867446393762 0.8666666666666667 0.3226120857699805 0.8824074074074074 0.32943469785575047 0.8870370370370371 0.3382066276803119 0.8861111111111111 0.3460038986354776 0.8759259259259259 0.34405458089668617 0.8666666666666667 0.33528265107212474 0.8611111111111112
0 0.3460038986354776 0.8972222222222223 0.3460038986354776 0.9111111111111111 0.35185185185185186 0.9166666666666666 0.3664717348927875 0.9138888888888889 0.3742690058479532 0.9055555555555556 0.3723196881091618 0.8935185185185185 0.3645224171539961 0.887962962962963 0.35185185185185186 0.8907407407407407
0 0.3830409356725146 0.8833333333333333 0.3820662768031189 0.8944444444444445 0.38693957115009747 0.899074074074074 0.4015594541910331 0.8916666666666667 0.40253411306042886 0.8833333333333333 0.39766081871345027 0.8768518518518519 0.3898635477582846 0.8768518518518519
0 0.41033138401559455 0.8648148148148148 0.41228070175438597 0.8796296296296297 0.4171539961013645 0.8833333333333333 0.4298245614035088 0.8796296296296297 0.4317738791423002 0.8666666666666667 0.4249512670565302 0.8583333333333333 0.41812865497076024 0.8574074074074074
0 0.43664717348927873 0.8490740740740741 0.4405458089668616 0.8657407407407407 0.44834307992202727 0.8675925925925926 0.45614035087719296 0.8629629629629629 0.4571150097465887 0.8555555555555555 0.4512670565302144 0.8453703703703703 0.4444444444444444 0.8444444444444444
0 0.46393762183235865 0.8342592592592593 0.46296296296296297 0.8416666666666667 0.4678362573099415 0.8490740740740741 0.47855750487329435 0.850925925925926 0.4853801169590643 0.8472222222222222 0.48830409356725146 0.8379629629629629 0.48148148148148145 0.8296296296296296 0.47173489278752434 0.8277777777777777
0 0.5009746588693957 0.8398148148148148 0.5009746588693957 0.8518518518518519 0.50682261208577 0.8555555555555555 0.5263157894736842 0.8537037037037037 0.5331384015594542 0.8453703703703703 0.530214424951267 0.8342592592592593 0.5233918128654971 0.8296296296296296 0.5097465886939572 0.8324074074074074
0 0.5331384015594542 0.8203703703703704 0.5341130604288499 0.8305555555555556 0.5389863547758285 0.8351851851851851 0.5467836257309941 0.8342592592592593 0.5545808966861598 0.825 0.5545808966861598 0.8166666666666667 0.550682261208577 0.812962962962963 0.5409356725146199 0.812962962962963
0 0.4922027290448343 0.8111111111111111 0.48830409356725146 0.8138888888888889 0.48830409356725146 0.8203703703703704 0.49317738791423 0.825 0.5009746588693957 0.825925925925926 0.5077972709551657 0.8212962962962963 0.5087719298245614 0.8138888888888889 0.5048732943469786 0.8092592592592592
0 0.3567251461988304 0.8583333333333333 0.3557504873294347 0.8657407407407407 0.36257309941520466 0.8694444444444445 0.37037037037037035 0.8675925925925926 0.37524366471734893 0.8592592592592593 0.37037037037037035 0.8518518518518519 0.3645224171539961 0.8518518518518519
0 0.42105263157894735 0.8 0.42007797270955166 0.8092592592592592 0.4346978557504873 0.8175925925925925 0.442495126705653 0.8074074074074075 0.4415204678362573 0.799074074074074 0.43567251461988304 0.7944444444444444 0.42884990253411304 0.7944444444444444
0 0.4551656920077973 0.7972222222222223 0.4551656920077973 0.8074074074074075 0.4590643274853801 0.812962962962963 0.4678362573099415 0.812037037037037 0.47855750487329435 0.8037037037037037 0.47368421052631576 0.7907407407407407 0.46588693957115007 0.7898148148148149
0 0.3937621832358674 0.8157407407407408 0.3937621832358674 0.825 0.40253411306042886 0.8287037037037037 0.41325536062378165 0.8203703703703704 0.41325536062378165 0.812037037037037 0.4083820662768031 0.8064814814814815 0.4015594541910331 0.8074074074074075
0 0.29922027290448344 0.8166666666666667 0.2982456140350877 0.825 0.3050682261208577 0.8305555555555556 0.31189083820662766 0.8314814814814815 0.3216374269005848 0.8240740740740741 0.3216374269005848 0.8166666666666667 0.3138401559454191 0.8092592592592592 0.3060428849902534 0.8101851851851852
0 0.33723196881091616 0.8064814814814815 0.3382066276803119 0.8194444444444444 0.35185185185185186 0.8185185185185185 0.35477582846003897 0.8148148148148148 0.3489278752436647 0.8037037037037037
0 0.43079922027290446 0.7657407407407407 0.4337231968810916 0.7824074074074074 0.44541910331384016 0.7842592592592592 0.45419103313840153 0.7777777777777778 0.4551656920077973 0.7675925925925926 0.449317738791423 0.7592592592592593 0.4405458089668616 0.7583333333333333
0 0.33430799220272905 0.8361111111111111 0.3333333333333333 0.8425925925925926 0.3382066276803119 0.8481481481481481 0.3460038986354776 0.8481481481481481 0.35282651072124754 0.8379629629629629 0.35185185185185186 0.8342592592592593 0.34405458089668617 0.8314814814814815
0 0.3888888888888889 0.8462962962962963 0.3888888888888889 0.8546296296296296 0.3937621832358674 0.8592592592592593 0.40058479532163743 0.8574074074074074 0.40545808966861596 0.8490740740740741 0.40058479532163743 0.8416666666666667
0 0.36744639376218324 0.7935185185185185 0.3664717348927875 0.8009259259259259 0.37037037037037035 0.8074074074074075 0.3830409356725146 0.8083333333333333 0.3888888888888889 0.8037037037037037 0.3898635477582846 0.7962962962962963 0.3830409356725146 0.787962962962963 0.37524366471734893 0.787962962962963
0 0.39473684210526316 0.7722222222222223 0.39571150097465885 0.7842592592592592 0.4074074074074074 0.7935185185185185 0.4152046783625731 0.7898148148148149 0.42105263157894735 0.7805555555555556 0.4191033138401559 0.7685185185185185 0.4142300194931774 0.7638888888888888 0.40350877192982454 0.7638888888888888
0 0.48635477582846004 0.7796296296296297 0.4853801169590643 0.7870370370370371 0.48927875243664715 0.7935185185185185 0.49610136452241715 0.7953703703703704 0.50682261208577 0.7898148148148149 0.5087719298245614 0.7805555555555556 0.5038986354775828 0.7712962962962963 0.49415204678362573 0.7712962962962963
0 0.4766081871345029 0.7388888888888889 0.4746588693957115 0.7462962962962963 0.48050682261208577 0.7537037037037037 0.48830409356725146 0.7555555555555555 0.49610136452241715 0.7509259259259259 0.4980506822612086 0.7435185185185185 0.49122807017543857 0.7361111111111112
0 0.42007797270955166 0.8296296296296296 0.4152046783625731 0.8388888888888889 0.42300194931773877 0.8472222222222222 0.43079922027290446 0.8416666666666667 0.4317738791423002 0.8342592592592593 0.42787524366471735 0.8287037037037037
0 0.4649122807017544 0.7601851851851852 0.46588693957115007 0.774074074074074 0.4756335282651072 0.7731481481481481 0.47953216374269003 0.7666666666666667 0.4766081871345029 0.7592592592592593
0 0.5409356725146199 0.787962962962963 0.5409356725146199 0.8 0.5526315789473685 0.8037037037037037 0.557504873294347 0.8009259259259259 0.5594541910331384 0.7935185185185185 0.5526315789473685 0.7861111111111111
0 0.5565302144249513 0.8333333333333334 0.5555555555555556 0.8416666666666667 0.5672514619883041 0.8453703703703703 0.5789473684210527 0.8379629629629629 0.5789473684210527 0.8231481481481482 0.5730994152046783 0.8185185185185185 0.5633528265107213 0.8185185185185185
0 0.564327485380117 0.7685185185185185 0.5623781676413255 0.7814814814814814 0.5682261208576999 0.787962962962963 0.5740740740740741 0.7907407407407407 0.5857699805068226 0.7824074074074074 0.5799220272904484 0.7657407407407407 0.5701754385964912 0.7638888888888888
0 0.5867446393762183 0.7481481481481481 0.5857699805068226 0.7555555555555555 0.5896686159844055 0.7620370370370371 0.5984405458089669 0.7666666666666667 0.6062378167641326 0.7638888888888888 0.6101364522417154 0.7546296296296297 0.6023391812865497 0.7444444444444445 0.5925925925925926 0.7425925925925926
0 0.6091617933723197 0.7305555555555555 0.6111111111111112 0.7425925925925926 0.621832358674464 0.75 0.6306042884990254 0.7481481481481481 0.6354775828460039 0.7425925925925926 0.6354775828460039 0.7268518518518519 0.6228070175438597 0.7175925925925926 0.6179337231968811 0.7185185185185186
0 0.6120857699805068 0.6787037037037037 0.6120857699805068 0.6981481481481482 0.6169590643274854 0.700925925925926 0.6267056530214425 0.7 0.6393762183235867 0.6824074074074075 0.6374269005847953 0.675 0.6296296296296297 0.6703703703703704 0.6198830409356725 0.6712962962962963
0 0.5828460038986355 0.7157407407407408 0.5838206627680312 0.7277777777777777 0.5925925925925926 0.7296296296296296 0.6033138401559455 0.7203703703703703 0.6042884990253411 0.7129629629629629 0.5955165692007798 0.7064814814814815
0 0.5272904483430799 0.725925925925926 0.530214424951267 0.7398148148148148 0.5428849902534113 0.7407407407407407 0.5497076023391813 0.737037037037037 0.550682261208577 0.7287037037037037 0.5458089668615984 0.7222222222222222 0.5321637426900585 0.7212962962962963
0 0.5623781676413255 0.7379629629629629 0.5614035087719298 0.7435185185185185 0.5672514619883041 0.7490740740740741 0.5769980506822612 0.7416666666666667 0.5730994152046783 0.7342592592592593
0 0.5185185185185185 0.8064814814814815 0.5175438596491229 0.812037037037037 0.5224171539961013 0.8166666666666667 0.5331384015594542 0.8111111111111111 0.530214424951267 0.8027777777777778 0.5243664717348928 0.8018518518518518
0 0.5399610136452242 0.7518518518518519 0.5380116959064327 0.7648148148148148 0.5428849902534113 0.7694444444444445 0.5487329434697856 0.7685185185185185 0.5545808966861598 0.7611111111111111 0.5526315789473685 0.7527777777777778 0.5487329434697856 0.75
0 0.6569200779727096 0.6787037037037037 0.6530214424951267 0.6824074074074075 0.6559454191033138 0.6962962962962963 0.6627680311890838 0.700925925925926 0.6734892787524367 0.6990740740740741 0.6764132553606238 0.6814814814814815 0.6705653021442495 0.6768518518518518
0 0.6764132553606238 0.6583333333333333 0.6744639376218323 0.6712962962962963 0.682261208576998 0.674074074074074 0.6920077972709552 0.674074074074074 0.7017543859649122 0.6648148148148149 0.7007797270955166 0.6574074074074074 0.6939571150097466 0.6518518518518519 0.682261208576998 0.6527777777777778
0 0.6988304093567251 0.6342592592592593 0.6998050682261209 0.6444444444444445 0.716374269005848 0.6583333333333333 0.723196881091618 0.6537037037037037 0.7319688109161794 0.6370370370370371 0.7309941520467836 0.6296296296296297 0.723196881091618 0.6222222222222222 0.716374269005848 0.6212962962962963 0.7046783625730995 0.625
0 0.7290448343079922 0.6074074074074074 0.7280701754385965 0.6157407407407407 0.7397660818713451 0.6259259259259259 0.7446393762183235 0.6259259259259259 0.7573099415204678 0.6157407407407407 0.7592592592592593 0.6037037037037037 0.7543859649122807 0.5990740740740741 0.7407407407407407 0.5972222222222222
0 0.746588693957115 0.5694444444444444 0.7456140350877193 0.5805555555555556 0.7514619883040936 0.5907407407407408 0.7660818713450293 0.5898148148148148 0.7738791423001949 0.575 0.7729044834307992 0.5657407407407408 0.7573099415204678 0.5601851851851852
0 0.7183235867446394 0.5416666666666666 0.7173489278752436 0.5537037037037037 0.7222222222222222 0.5611111111111111 0.7358674463937622 0.5638888888888889 0.7446393762183235 0.5527777777777778 0.746588693957115 0.5425925925925926 0.7319688109161794 0.5351851851851852 0.723196881091618 0.5361111111111111
0 0.6832358674463938 0.5407407407407407 0.6812865497076024 0.55 0.6890838206627681 0.5583333333333333 0.6968810916179338 0.5583333333333333 0.7037037037037037 0.5537037037037037 0.7046783625730995 0.5444444444444444 0.6998050682261209 0.537962962962963 0.6910331384015594 0.5361111111111111
0 0.6744639376218323 0.575 0.672514619883041 0.5879629629629629 0.6803118908382066 0.5925925925925926 0.6900584795321637 0.5907407407407408 0.6939571150097466 0.5805555555555556 0.6920077972709552 0.5712962962962963 0.682261208576998 0.5675925925925925
0 0.571150097465887 0.6148148148148148 0.5721247563352827 0.6222222222222222 0.5789473684210527 0.625 0.5886939571150097 0.6240740740740741 0.5925925925925926 0.6185185185185185 0.5916179337231969 0.612037037037037 0.5847953216374269 0.6055555555555555 0.5769980506822612 0.6074074074074074
0 0.6033138401559455 0.6231481481481481 0.6023391812865497 0.6333333333333333 0.6072124756335283 0.6388888888888888 0.6159844054580896 0.6398148148148148 0.6276803118908382 0.6333333333333333 0.6286549707602339 0.6194444444444445 0.6247563352826511 0.6148148148148148 0.6120857699805068 0.6148148148148148
0 0.5750487329434698 0.637962962962963 0.5730994152046783 0.6453703703703704 0.580896686159844 0.6546296296296297 0.5906432748538012 0.6555555555555556 0.5974658869395711 0.65 0.5994152046783626 0.6435185185185185 0.5955165692007798 0.6351851851851852 0.5828460038986355 0.6342592592592593
0 0.6432748538011696 0.6537037037037037 0.6413255360623782 0.6611111111111111 0.6471734892787524 0.6675925925925926 0.6588693957115009 0.6685185185185185 0.665692007797271 0.6611111111111111 0.665692007797271 0.6537037037037037 0.6617933723196882 0.6509259259259259 0.6471734892787524 0.65
0 0.665692007797271 0.6259259259259259 0.6637426900584795 0.6333333333333333 0.6686159844054581 0.6425925925925926 0.6764132553606238 0.6435185185185185 0.6861598440545809 0.6388888888888888 0.6890838206627681 0.6324074074074074 0.6861598440545809 0.625 0.6695906432748538 0.6203703703703703
0 0.6842105263157895 0.6018518518518519 0.6803118908382066 0.6074074074074074 0.6881091617933723 0.6175925925925926 0.6978557504873294 0.6194444444444445 0.702729044834308 0.6157407407407407 0.702729044834308 0.6018518518518519
0 0.6393762183235867 0.6157407407407407 0.6413255360623782 0.6305555555555555 0.6510721247563352 0.6296296296296297 0.6539961013645225 0.6157407407407407 0.6481481481481481 0.612037037037037
0 0.6500974658869396 0.5083333333333333 0.6471734892787524 0.5157407407407407 0.652046783625731 0.5277777777777778 0.6637426900584795 0.5370370370370371 0.6754385964912281 0.5351851851851852 0.6803118908382066 0.5259259259259259 0.6773879142300195 0.5120370370370371 0.6617933723196882 0.5037037037037037
0 0.6423001949317739 0.4638888888888889 0.6432748538011696 0.4824074074074074 0.6539961013645225 0.49444444444444446 0.6744639376218323 0.49166666666666664 0.6861598440545809 0.4740740740740741 0.682261208576998 0.45555555555555555 0.6637426900584795 0.4462962962962963 0.652046783625731 0.44814814814814813
0 0.6978557504873294 0.48333333333333334 0.6978557504873294 0.49444444444444446 0.7095516569200779 0.5009259259259259 0.7192982456140351 0.4981481481481482 0.7261208576998051 0.487962962962963 0.716374269005848 0.4787037037037037 0.7056530214424951 0.4777777777777778
0 0.7261208576998051 0.5092592592592593 0.7261208576998051 0.5185185185185185 0.7397660818713451 0.5259259259259259 0.7504873294346979 0.5231481481481481 0.7573099415204678 0.5120370370370371 0.7543859649122807 0.5027777777777778 0.7456140350877193 0.4962962962962963 0.7368421052631579 0.4962962962962963
0 0.6949317738791423 0.5148148148148148 0.6988304093567251 0.5305555555555556 0.7153996101364523 0.5277777777777778 0.7173489278752436 0.5185185185185185 0.7124756335282652 0.5120370370370371 0.7007797270955166 0.5111111111111111
0 0.7573099415204678 0.5268518518518519 0.7573099415204678 0.5407407407407407 0.7651072124756335 0.549074074074074 0.7787524366471735 0.5509259259259259 0.7846003898635477 0.5462962962962963 0.7894736842105263 0.5287037037037037 0.7855750487329435 0.5166666666666667 0.7777777777777778 0.512962962962963 0.767056530214425 0.5138888888888888
0 0.6608187134502924 0.5953703703703703 0.6598440545808967 0.6074074074074074 0.6695906432748538 0.6083333333333333 0.6715399610136452 0.5990740740740741
0 0.004873294346978557 0.7759259259259259 0.003898635477582846 0.7851851851851852 0.008771929824561403 0.7898148148148149 0.030214424951267055 0.7861111111111111 0.0341130604288499 0.7805555555555556 0.03313840155945419 0.7722222222222223 0.024366471734892786 0.7638888888888888 0.012670565302144249 0.7657407407407407
0 0.024366471734892786 0.7407407407407407 0.024366471734892786 0.7527777777777778 0.03216374269005848 0.7592592592592593 0.042884990253411304 0.7592592592592593 0.05458089668615984 0.7490740740740741 0.05263157894736842 0.7379629629629629 0.04580896686159844 0.7333333333333333 0.03216374269005848 0.7342592592592593
0 0.004873294346978557 0.7268518518518519 0 0.7268518518518519 0 0.7620370370370371 0.015594541910331383 0.7481481481481481 0.015594541910331383 0.737037037037037
0 0.015594541910331383 0.7018518518518518 0.014619883040935672 0.7166666666666667 0.018518518518518517 0.7222222222222222 0.042884990253411304 0.7203703703703703 0.050682261208576995 0.7129629629629629 0.050682261208576995 0.7027777777777777 0.042884990253411304 0.6925925925925925 0.030214424951267055 0.6916666666666667
0 0.005847953216374269 0.649074074074074 0 0.6527777777777778 0 0.674074074074074 0.011695906432748537 0.6842592592592592 0.02631578947368421 0.6842592592592592 0.036062378167641324 0.6722222222222223 0.03313840155945419 0.6555555555555556 0.024366471734892786 0.6481481481481481
0 0.003898635477582846 0.6046296296296296 0 0.6092592592592593 0 0.6342592592592593 0.010721247563352826 0.6398148148148148 0.029239766081871343 0.6370370370370371 0.036062378167641324 0.6296296296296297 0.030214424951267055 0.6111111111111112 0.023391812865497075 0.6064814814814815
0 0.04580896686159844 0.6166666666666667 0.04483430799220273 0.6296296296296297 0.05847953216374269 0.6416666666666667 0.07602339181286549 0.6425925925925926 0.08674463937621832 0.6305555555555555 0.08576998050682261 0.6185185185185185 0.07309941520467836 0.6074074074074074 0.05360623781676413 0.6074074074074074
0 0.04093567251461988 0.5740740740740741 0.04093567251461988 0.5888888888888889 0.056530214424951264 0.6018518518518519 0.07407407407407407 0.5990740740740741 0.08382066276803118 0.5879629629629629 0.08089668615984405 0.5685185185185185 0.07309941520467836 0.5583333333333333 0.06042884990253411 0.5583333333333333 0.049707602339181284 0.562962962962963
0 0.0029239766081871343 0.5685185185185185 0 0.5703703703703704 0 0.5944444444444444 0.014619883040935672 0.6 0.028265107212475632 0.5972222222222222 0.03313840155945419 0.5879629629629629 0.030214424951267055 0.5740740740740741 0.017543859649122806 0.5666666666666667
0 0.09746588693957114 0.6166666666666667 0.09746588693957114 0.6314814814814815 0.10623781676413255 0.6407407407407407 0.12183235867446393 0.6425925925925926 0.13157894736842105 0.6351851851851852 0.13352826510721247 0.6212962962962963 0.12280701754385964 0.6083333333333333 0.10428849902534112 0.6064814814814815
0 0.09161793372319688 0.5740740740740741 0.09161793372319688 0.5879629629629629 0.10136452241715399 0.5981481481481481 0.11598440545808966 0.5990740740740741 0.1267056530214425 0.5935185185185186 0.1286549707602339 0.5768518518518518 0.11598440545808966 0.562962962962963 0.10526315789473684 0.562962962962963
0 0.13840155945419103 0.6138888888888889 0.13937621832358674 0.6277777777777778 0.14912280701754385 0.6342592592592593 0.1617933723196881 0.6333333333333333 0.17446393762183235 0.6222222222222222 0.17251461988304093 0.6111111111111112 0.1608187134502924 0.6027777777777777 0.14717348927875243 0.6027777777777777
0 0.19200779727095516 0.5916666666666667 0.18908382066276802 0.5981481481481481 0.19200779727095516 0.6148148148148148 0.20955165692007796 0.6240740740740741 0.21637426900584794 0.6231481481481481 0.22417153996101363 0.6092592592592593 0.2202729044834308 0.5879629629629629 0.20565302144249512 0.5842592592592593
0 0.1354775828460039 0.5685185185185185 0.1364522417153996 0.5907407407407408 0.1442495126705653 0.5916666666666667 0.14717348927875243 0.5962962962962963 0.16861598440545808 0.5879629629629629 0.1695906432748538 0.562037037037037 0.1608187134502924 0.5537037037037037 0.145224171539961 0.5592592592592592
0 0.2290448343079922 0.5537037037037037 0.22709551656920077 0.5666666666666667 0.23294346978557504 0.5731481481481482 0.25048732943469787 0.575925925925926 0.260233918128655 0.5703703703703704 0.2631578947368421 0.5592592592592592 0.2543859649122807 0.5481481481481482 0.24171539961013644 0.5472222222222223
0 0.18226120857699804 0.5537037037037037 0.18421052631578946 0.5675925925925925 0.19785575048732942 0.5694444444444444 0.20955165692007796 0.5601851851851852 0.21052631578947367 0.5472222222222223 0.20662768031189083 0.5425925925925926 0.1968810916179337 0.5407407407407407 0.1881091617933723 0.5444444444444444
0 0.09649122807017543 0.5361111111111111 0.0935672514619883 0.5453703703703704 0.1023391812865497 0.5555555555555556 0.11598440545808966 0.5546296296296296 0.12378167641325535 0.5462962962962963 0.12085769980506822 0.5361111111111111 0.11598440545808966 0.5324074074074074 0.10526315789473684 0.5314814814814814
0 0.1286549707602339 0.5324074074074074 0.1276803118908382 0.5453703703703704 0.13937621832358674 0.5527777777777778 0.14717348927875243 0.5527777777777778 0.15886939571150097 0.5435185185185185 0.1608187134502924 0.5314814814814814 0.15497076023391812 0.524074074074074 0.14035087719298245 0.524074074074074
0 0.04093567251461988 0.5425925925925926 0.036062378167641324 0.5462962962962963 0.036062378167641324 0.5537037037037037 0.042884990253411304 0.5592592592592592 0.04775828460038986 0.5592592592592592 0.05847953216374269 0.55 0.056530214424951264 0.5416666666666666
0 0.001949317738791423 0.5416666666666666 0 0.562962962962963 0.024366471734892786 0.5555555555555556 0.02631578947368421 0.549074074074074 0.023391812865497075 0.5453703703703704
0 0.06530214424951267 0.5407407407407407 0.06530214424951267 0.55 0.08187134502923976 0.5574074074074075 0.09161793372319688 0.5398148148148149 0.0847953216374269 0.5333333333333333
0 0.16666666666666666 0.5259259259259259 0.16764132553606237 0.5361111111111111 0.1783625730994152 0.5416666666666666 0.1881091617933723 0.5398148148148149 0.1949317738791423 0.5277777777777778 0.1881091617933723 0.5166666666666667 0.17543859649122806 0.5175925925925926
0 0.19785575048732942 0.5111111111111111 0.19883040935672514 0.5222222222222223 0.20662768031189083 0.525 0.2202729044834308 0.5138888888888888 0.2222222222222222 0.5046296296296297 0.21734892787524365 0.4981481481481482 0.2124756335282651 0.4981481481481482
0 0.21150097465886938 0.5268518518518519 0.2124756335282651 0.5398148148148149 0.2290448343079922 0.5435185185185185 0.24171539961013644 0.5361111111111111 0.24463937621832357 0.5203703703703704 0.24074074074074073 0.512962962962963 0.2290448343079922 0.5120370370370371
0 0.2709551656920078 0.5231481481481481 0.2699805068226121 0.5425925925925926 0.2826510721247563 0.5592592592592592 0.30116959064327486 0.5583333333333333 0.31871345029239767 0.5425925925925926 0.3206627680311891 0.525 0.310916179337232 0.5074074074074074 0.29239766081871343 0.5074074074074074
0 0.29239766081871343 0.5740740740740741 0.29142300194931775 0.5861111111111111 0.297270955165692 0.5953703703703703 0.30701754385964913 0.5953703703703703 0.3157894736842105 0.5851851851851851 0.3148148148148148 0.5768518518518518 0.3031189083820663 0.5712962962962963
0 0.3255360623781676 0.5564814814814815 0.32748538011695905 0.575 0.3362573099415205 0.5805555555555556 0.341130604288499 0.5796296296296296 0.3489278752436647 0.5685185185185185 0.3469785575048733 0.5546296296296296 0.3333333333333333 0.55
0 0.35282651072124754 0.5351851851851852 0.35185185185185186 0.5444444444444444 0.3567251461988304 0.5509259259259259 0.3645224171539961 0.5583333333333333 0.3762183235867446 0.5601851851851852 0.3937621832358674 0.55 0.39766081871345027 0.5268518518518519 0.3830409356725146 0.5120370370370371 0.36939571150097467 0.5120370370370371
0 0.3235867446393762 0.49537037037037035 0.3235867446393762 0.5138888888888888 0.33430799220272905 0.5222222222222223 0.3508771929824561 0.5148148148148148 0.36062378167641324 0.5037037037037037 0.3586744639376218 0.4898148148148148 0.3489278752436647 0.47962962962962963 0.33235867446393763 0.4824074074074074
0 0.27582846003898637 0.47685185185185186 0.27582846003898637 0.4861111111111111 0.2807017543859649 0.4925925925925926 0.2875243664717349 0.4962962962962963 0.2962962962962963 0.4925925925925926 0.29922027290448344 0.48055555555555557 0.2953216374269006 0.47314814814814815 0.28167641325536064 0.47129629629629627
0 0.23294346978557504 0.47314814814814815 0.23391812865497075 0.48055555555555557 0.24366471734892786 0.4842592592592593 0.2543859649122807 0.4759259259259259 0.2553606237816764 0.4666666666666667 0.24463937621832357 0.462037037037037
0 0.260233918128655 0.4537037037037037 0.2621832358674464 0.4675925925925926 0.27387914230019494 0.46944444444444444 0.2807017543859649 0.4666666666666667 0.2826510721247563 0.45185185185185184 0.2797270955165692 0.44814814814814813 0.2709551656920078 0.4462962962962963
0 0.28460038986354774 0.43333333333333335 0.2855750487329435 0.44722222222222224 0.297270955165692 0.45 0.30409356725146197 0.4388888888888889 0.3031189083820663 0.42685185185185187 0.29239766081871343 0.425
0 0.3031189083820663 0.45925925925925926 0.30214424951267055 0.4685185185185185 0.30701754385964913 0.4777777777777778 0.31968810916179335 0.48055555555555557 0.3313840155945419 0.47314814814814815 0.33235867446393763 0.45925925925925926 0.3226120857699805 0.44814814814814813 0.30994152046783624 0.44814814814814813
0 0.3567251461988304 0.46296296296296297 0.35769980506822613 0.47962962962962963 0.36744639376218324 0.48518518518518516 0.3762183235867446 0.4842592592592593 0.3830409356725146 0.4666666666666667 0.38011695906432746 0.4527777777777778 0.3654970760233918 0.4537037037037037
0 0.38596491228070173 0.43796296296296294 0.38596491228070173 0.45 0.3937621832358674 0.4564814814814815 0.4074074074074074 0.4564814814814815 0.4152046783625731 0.44907407407407407 0.4152046783625731 0.4388888888888889 0.40545808966861596 0.4287037037037037 0.39766081871345027 0.42777777777777776
0 0.41325536062378165 0.4111111111111111 0.41228070175438597 0.42314814814814816 0.42105263157894735 0.4361111111111111 0.4327485380116959 0.43796296296296294 0.44541910331384016 0.4287037037037037 0.44639376218323584 0.41388888888888886 0.4346978557504873 0.40370370370370373 0.4249512670565302 0.40370370370370373
0 0.38499025341130605 0.375 0.3830409356725146 0.39351851851851855 0.3937621832358674 0.4046296296296296 0.41033138401559455 0.40555555555555556 0.4220272904483431 0.3925925925925926 0.4220272904483431 0.37592592592592594 0.4152046783625731 0.3685185185185185 0.3966861598440546 0.3648148148148148
0 0.35964912280701755 0.4074074074074074 0.35964912280701755 0.4212962962962963 0.3645224171539961 0.4287037037037037 0.3810916179337232 0.4305555555555556 0.38791423001949316 0.42407407407407405 0.38791423001949316 0.40925925925925927 0.3791423001949318 0.3990740740740741 0.37037037037037035 0.39814814814814814
0 0.3401559454191033 0.4361111111111111 0.34307992202729043 0.4537037037037037 0.35185185185185186 0.4546296296296296 0.35964912280701755 0.44537037037037036 0.35964912280701755 0.4351851851851852 0.3557504873294347 0.42962962962962964 0.3508771929824561 0.42962962962962964
0 0.3157894736842105 0.41759259259259257 0.3206627680311891 0.4351851851851852 0.3284600389863548 0.4351851851851852 0.3382066276803119 0.42685185185185187 0.3391812865497076 0.41203703703703703 0.33528265107212474 0.4083333333333333 0.32748538011695905 0.4074074074074074
0 0.3362573099415205 0.387037037037037 0.3382066276803119 0.40555555555555556 0.35282651072124754 0.4046296296296296 0.36257309941520466 0.3925925925925926 0.36257309941520466 0.3824074074074074 0.3567251461988304 0.3768518518518518 0.341130604288499 0.37962962962962965
0 0.22612085769980506 0.49074074074074076 0.22709551656920077 0.5046296296296297 0.23684210526315788 0.5064814814814815 0.24269005847953215 0.4981481481481482 0.24269005847953215 0.4888888888888889 0.2300194931773879 0.4861111111111111
0 0.43664717348927873 0.4462962962962963 0.43567251461988304 0.4564814814814815 0.4395711500974659 0.4638888888888889 0.44541910331384016 0.4675925925925926 0.4619883040935672 0.4648148148148148 0.46393762183235865 0.4537037037037037 0.45614035087719296 0.4398148148148148 0.4444444444444444 0.4398148148148148
0 0.46881091617933723 0.4305555555555556 0.4697855750487329 0.44814814814814813 0.4756335282651072 0.46111111111111114 0.5009746588693957 0.4601851851851852 0.5029239766081871 0.44537037037037036 0.49415204678362573 0.42314814814814816 0.48148148148148145 0.4212962962962963
0 0.449317738791423 0.38796296296296295 0.44834307992202727 0.4083333333333333 0.4512670565302144 0.4148148148148148 0.46588693957115007 0.4203703703703704 0.4746588693957115 0.41759259259259257 0.4824561403508772 0.4083333333333333 0.4834307992202729 0.4009259259259259 0.4727095516569201 0.3824074074074074 0.4551656920077973 0.3824074074074074
0 0.4853801169590643 0.36944444444444446 0.4824561403508772 0.3824074074074074 0.48927875243664715 0.39814814814814814 0.5058479532163743 0.40185185185185185 0.5253411306042886 0.39351851851851855 0.530214424951267 0.36944444444444446 0.5185185185185185 0.35462962962962963 0.5 0.35555555555555557 0.4902534113060429 0.3611111111111111
0 0.557504873294347 0.44074074074074077 0.5594541910331384 0.4601851851851852 0.5692007797270955 0.4675925925925926 0.5838206627680312 0.46574074074074073 0.594541910331384 0.4527777777777778 0.594541910331384 0.4361111111111111 0.5877192982456141 0.42777777777777776 0.571150097465887 0.42777777777777776 0.5633528265107213 0.43148148148148147
0 0.5077972709551657 0.46944444444444444 0.50682261208577 0.49074074074074076 0.5165692007797271 0.5018518518518519 0.5360623781676414 0.49907407407407406 0.5428849902534113 0.49166666666666664 0.5448343079922028 0.47962962962962963 0.5497076023391813 0.4777777777777778 0.5428849902534113 0.46296296296296297 0.5292397660818714 0.45740740740740743 0.5185185185185185 0.45925925925925926
0 0.6033138401559455 0.3990740740740741 0.6042884990253411 0.41388888888888886 0.6189083820662769 0.42592592592592593 0.6354775828460039 0.4203703703703704 0.6403508771929824 0.4148148148148148 0.6374269005847953 0.3972222222222222 0.6257309941520468 0.38796296296296295 0.6120857699805068 0.3888888888888889
0 0.5984405458089669 0.47685185185185186 0.5984405458089669 0.49074074074074076 0.6072124756335283 0.49907407407407406 0.6267056530214425 0.49907407407407406 0.6354775828460039 0.49074074074074076 0.631578947368421 0.47962962962962963 0.6179337231968811 0.4703703703703704 0.6072124756335283 0.46944444444444444
0 0.6676413255360624 0.4148148148148148 0.6676413255360624 0.425 0.6812865497076024 0.4388888888888889 0.6910331384015594 0.4388888888888889 0.702729044834308 0.4287037037037037 0.7007797270955166 0.4185185185185185 0.6871345029239766 0.40925925925925927 0.6744639376218323 0.40925925925925927
0 0.6978557504873294 0.45092592592592595 0.6998050682261209 0.4648148148148148 0.7134502923976608 0.47129629629629627 0.723196881091618 0.4685185185185185 0.7290448343079922 0.46111111111111114 0.7280701754385965 0.44907407407407407 0.7202729044834308 0.44166666666666665 0.7105263157894737 0.44074074074074077
0 0.7826510721247564 0.48518518518518516 0.7816764132553606 0.5018518518518519 0.7884990253411306 0.5083333333333333 0.8031189083820662 0.5092592592592593 0.8138401559454191 0.4981481481481482 0.8118908382066277 0.4842592592592593 0.8001949317738791 0.47685185185185186 0.7923976608187134 0.47685185185185186
0 0.7982456140350878 0.44907407407407407 0.7982456140350878 0.4638888888888889 0.8099415204678363 0.4740740740740741 0.817738791423002 0.4740740740740741 0.8313840155945419 0.4601851851851852 0.8313840155945419 0.4462962962962963 0.8216374269005848 0.4351851851851852 0.8060428849902534 0.43796296296296294
0 0.8167641325536062 0.40370370370370373 0.8167641325536062 0.41944444444444445 0.8255360623781677 0.42962962962962964 0.834307992202729 0.4305555555555556 0.8469785575048733 0.4203703703703704 0.8499025341130604 0.4027777777777778 0.8460038986354775 0.39351851851851855 0.8313840155945419 0.38981481481481484 0.8235867446393762 0.39351851851851855
0 0.834307992202729 0.35833333333333334 0.8333333333333334 0.36944444444444446 0.8391812865497076 0.3824074074074074 0.854775828460039 0.387037037037037 0.8693957115009746 0.37777777777777777 0.8723196881091618 0.3611111111111111 0.8654970760233918 0.34814814814814815 0.847953216374269 0.3435185185185185 0.8401559454191033 0.34814814814814815
0 0.8518518518518519 0.3148148148148148 0.8518518518518519 0.3296296296296296 0.8625730994152047 0.3388888888888889 0.8703703703703703 0.3388888888888889 0.8810916179337231 0.3314814814814815 0.8840155945419104 0.3175925925925926 0.8771929824561403 0.30925925925925923 0.8635477582846004 0.30648148148148147
0 0.8732943469785575 0.2814814814814815 0.8732943469785575 0.29444444444444445 0.8869395711500975 0.3 0.8966861598440545 0.28888888888888886 0.898635477582846 0.275 0.8937621832358674 0.2712962962962963 0.8830409356725146 0.2712962962962963
0 0.8888888888888888 0.23796296296296296 0.8898635477582846 0.25925925925925924 0.9025341130604289 0.2611111111111111 0.9083820662768031 0.25462962962962965 0.9093567251461988 0.23703703703703705 0.8966861598440545 0.23333333333333334
0 0.8996101364522417 0.1638888888888889 0.8996101364522417 0.17777777777777778 0.9044834307992202 0.18425925925925926 0.9161793372319688 0.18611111111111112 0.9220272904483431 0.18333333333333332 0.9278752436647173 0.1648148148148148 0.9220272904483431 0.1537037037037037 0.9074074074074074 0.1537037037037037
0 0.7592592592592593 0.4861111111111111 0.7612085769980507 0.49722222222222223 0.7680311890838206 0.5018518518518519 0.7719298245614035 0.5 0.7738791423001949 0.48333333333333334 0.7641325536062378 0.48055555555555557
0 0.7358674463937622 0.46944444444444444 0.7348927875243665 0.48055555555555557 0.7407407407407407 0.48703703703703705 0.7524366471734892 0.48148148148148145 0.7553606237816765 0.47314814814814815 0.7495126705653021 0.4666666666666667
0 0.7631578947368421 0.45185185185185184 0.7631578947368421 0.4638888888888889 0.7690058479532164 0.47129629629629627 0.7787524366471735 0.47314814814814815 0.7865497076023392 0.46944444444444444 0.7904483430799221 0.45185185185185184 0.7855750487329435 0.4444444444444444 0.7719298245614035 0.4444444444444444
0 0.7387914230019493 0.4462962962962963 0.7417153996101364 0.45925925925925926 0.7504873294346979 0.4527777777777778 0.7504873294346979 0.44907407407407407 0.7456140350877193 0.4444444444444444
0 0.7787524366471735 0.41388888888888886 0.7787524366471735 0.42407407407407405 0.7914230019493177 0.43333333333333335 0.7982456140350878 0.4324074074074074 0.8079922027290448 0.41944444444444445 0.8050682261208577 0.40925925925925927 0.7943469785575049 0.4027777777777778 0.783625730994152 0.4064814814814815
0 0.7504873294346979 0.42314814814814816 0.7495126705653021 0.43148148148148147 0.7553606237816765 0.43796296296296294 0.7621832358674464 0.4388888888888889 0.7680311890838206 0.43425925925925923 0.7690058479532164 0.42685185185185187 0.7651072124756335 0.4203703703703704 0.7582846003898636 0.4185185185185185
0 0.7319688109161794 0.37407407407407406 0.7300194931773879 0.3824074074074074 0.7358674463937622 0.3907407407407407 0.746588693957115 0.3925925925925926 0.7543859649122807 0.387037037037037 0.7563352826510721 0.3787037037037037 0.7524366471734892 0.3731481481481482 0.7378167641325536 0.37037037037037035
0 0.7660818713450293 0.37962962962962965 0.7641325536062378 0.38333333333333336 0.7709551656920078 0.39351851851851855 0.7884990253411306 0.38981481481481484 0.7865497076023392 0.3787037037037037 0.7797270955165692 0.37407407407407406
0 0.8001949317738791 0.38425925925925924 0.7982456140350878 0.39351851851851855 0.8089668615984406 0.3972222222222222 0.8128654970760234 0.3888888888888889
0 0.6900584795321637 0.3851851851851852 0.6890838206627681 0.39444444444444443 0.6949317738791423 0.4027777777777778 0.702729044834308 0.4064814814814815 0.7144249512670565 0.4027777777777778 0.7183235867446394 0.3861111111111111 0.7124756335282652 0.3787037037037037 0.6988304093567251 0.37777777777777777
0 0.6140350877192983 0.44074074074074077 0.615009746588694 0.45185185185185184 0.6228070175438597 0.4537037037037037 0.6306042884990254 0.45 0.6325536062378168 0.44166666666666665 0.6296296296296297 0.43796296296296294 0.6198830409356725 0.43703703703703706
0 0.6461988304093568 0.36944444444444446 0.6432748538011696 0.375 0.6461988304093568 0.39351851851851855 0.6569200779727096 0.40370370370370373 0.6676413255360624 0.4027777777777778 0.6734892787524367 0.3925925925925926 0.6705653021442495 0.375 0.6588693957115009 0.36574074074074076
0 0.7553606237816765 0.40185185185185185 0.7543859649122807 0.4074074074074074 0.7602339181286549 0.412962962962963 0.7719298245614035 0.4074074074074074 0.7719298245614035 0.4009259259259259 0.7680311890838206 0.39814814814814814 0.7592592592592593 0.39814814814814814
0 0.7280701754385965 0.4027777777777778 0.7280701754385965 0.4101851851851852 0.7407407407407407 0.4166666666666667 0.746588693957115 0.4046296296296296 0.7378167641325536 0.4009259259259259
0 0.6666666666666666 0.3435185185185185 0.6647173489278753 0.35462962962962963 0.672514619883041 0.362962962962963 0.6812865497076024 0.3685185185185185 0.6949317738791423 0.3638888888888889 0.6968810916179338 0.35185185185185186 0.6929824561403509 0.34074074074074073 0.6812865497076024 0.337037037037037
0 0.7095516569200779 0.3425925925925926 0.7095516569200779 0.35555555555555557 0.716374269005848 0.3638888888888889 0.7251461988304093 0.36666666666666664 0.7339181286549707 0.362962962962963 0.7378167641325536 0.3472222222222222 0.7300194931773879 0.337037037037037 0.7212475633528265 0.33425925925925926
0 0.7495126705653021 0.3435185185185185 0.746588693957115 0.3537037037037037 0.7543859649122807 0.36574074074074076 0.7738791423001949 0.36203703703703705 0.7777777777777778 0.35185185185185186 0.7699805068226121 0.3398148148148148 0.7651072124756335 0.337037037037037
0 0.7865497076023392 0.35833333333333334 0.7855750487329435 0.36574074074074076 0.7962962962962963 0.375 0.8060428849902534 0.36666666666666664 0.8060428849902534 0.35833333333333334 0.8001949317738791 0.35185185185185186 0.7943469785575049 0.35185185185185186
0 0.7777777777777778 0.3138888888888889 0.7748538011695907 0.3287037037037037 0.7816764132553606 0.33611111111111114 0.7933723196881092 0.3388888888888889 0.8089668615984406 0.33055555555555555 0.8109161793372319 0.32037037037037036 0.8031189083820662 0.31203703703703706 0.7914230019493177 0.30925925925925923
0 0.8216374269005848 0.3212962962962963 0.8245614035087719 0.33425925925925926 0.8391812865497076 0.3333333333333333 0.8401559454191033 0.3194444444444444 0.827485380116959 0.31666666666666665
0 0.8118908382066277 0.34629629629629627 0.8138401559454191 0.36018518518518516 0.8255360623781677 0.36018518518518516 0.8284600389863548 0.34814814814814815 0.8226120857699805 0.34444444444444444
0 0.6764132553606238 0.30185185185185187 0.6764132553606238 0.31666666666666665 0.682261208576998 0.32592592592592595 0.6998050682261209 0.33055555555555555 0.7134502923976608 0.32314814814814813 0.716374269005848 0.31203703703703706 0.7046783625730995 0.2962962962962963 0.6861598440545809 0.2916666666666667
0 0.732943469785575 0.30925925925925923 0.7319688109161794 0.3212962962962963 0.7417153996101364 0.3287037037037037 0.7582846003898636 0.32685185185185184 0.7641325536062378 0.3212962962962963 0.7641325536062378 0.3111111111111111 0.7573099415204678 0.30462962962962964 0.7417153996101364 0.30277777777777776
0 0.7504873294346979 0.2740740740740741 0.7504873294346979 0.28888888888888886 0.7543859649122807 0.2935185185185185 0.7660818713450293 0.29444444444444445 0.7719298245614035 0.2861111111111111 0.7699805068226121 0.27685185185185185 0.7592592592592593 0.2712962962962963
0 0.7007797270955166 0.26296296296296295 0.7007797270955166 0.27685185185185185 0.7095516569200779 0.2851851851851852 0.7251461988304093 0.2916666666666667 0.7348927875243665 0.287962962962963 0.7378167641325536 0.26851851851851855 0.7270955165692008 0.2564814814814815 0.7105263157894737 0.25462962962962965
0 0.7807017543859649 0.2824074074074074 0.7787524366471735 0.29444444444444445 0.7846003898635477 0.30185185185185187 0.7953216374269005 0.30185185185185187 0.8060428849902534 0.2962962962962963 0.8079922027290448 0.2861111111111111 0.8021442495126706 0.27870370370370373 0.7914230019493177 0.27685185185185185
0 0.6267056530214425 0.3101851851851852 0.6257309941520468 0.32685185185185184 0.6335282651072125 0.3388888888888889 0.645224171539961 0.3416666666666667 0.6617933723196882 0.33611111111111114 0.665692007797271 0.325 0.6617933723196882 0.3138888888888889 0.6423001949317739 0.30277777777777776 0.631578947368421 0.30277777777777776
0 0.5906432748538012 0.2712962962962963 0.5916179337231969 0.2898148148148148 0.6023391812865497 0.30092592592592593 0.6130604288499025 0.30185185185185187 0.621832358674464 0.2962962962962963 0.6267056530214425 0.2824074074074074 0.6189083820662769 0.262037037037037 0.6023391812865497 0.25833333333333336
0 0.5380116959064327 0.28425925925925927 0.5360623781676414 0.29814814814814816 0.543859649122807 0.3101851851851852 0.5633528265107213 0.3148148148148148 0.5740740740740741 0.30925925925925923 0.5769980506822612 0.3037037037037037 0.5750487329434698 0.2916666666666667 0.5633528265107213 0.2722222222222222 0.5467836257309941 0.2740740740740741
0 0.5350877192982456 0.33611111111111114 0.5321637426900585 0.362962962962963 0.5360623781676414 0.37037037037037035 0.5526315789473685 0.375 0.5623781676413255 0.37222222222222223 0.5769980506822612 0.35185185185185186 0.5750487329434698 0.3398148148148148 0.5584795321637427 0.3277777777777778 0.5458089668615984 0.3287037037037037
0 0.4697855750487329 0.3287037037037037 0.4697855750487329 0.3398148148148148 0.4756335282651072 0.34814814814814815 0.4922027290448343 0.3490740740740741 0.5058479532163743 0.33796296296296297 0.5097465886939572 0.31666666666666665 0.49610136452241715 0.3055555555555556 0.48635477582846004 0.30648148148148147 0.4746588693957115 0.31296296296296294
0 0.361598440545809 0.36574074074074076 0.3635477582846004 0.375 0.36939571150097467 0.3787037037037037 0.38011695906432746 0.3731481481481482 0.3840155945419103 0.36203703703703705 0.37524366471734893 0.35555555555555557 0.3684210526315789 0.3574074074074074
0 0.3840155945419103 0.34444444444444444 0.3830409356725146 0.35185185185185186 0.3888888888888889 0.35648148148148145 0.40253411306042886 0.3527777777777778 0.40350877192982454 0.34444444444444444 0.3996101364522417 0.3398148148148148 0.3898635477582846 0.3398148148148148
0 0.41033138401559455 0.32592592592592595 0.4064327485380117 0.3398148148148148 0.41130604288499023 0.34444444444444444 0.42105263157894735 0.3453703703703704 0.4269005847953216 0.33796296296296297 0.4249512670565302 0.32685185185185184 0.42105263157894735 0.32314814814814813
0 0.4161793372319688 0.29259259259259257 0.4161793372319688 0.30277777777777776 0.4220272904483431 0.30462962962962964 0.42787524366471735 0.30092592592592593 0.4298245614035088 0.29259259259259257 0.4269005847953216 0.28888888888888886
0 0.4473684210526316 0.2814814814814815 0.449317738791423 0.29259259259259257 0.4619883040935672 0.2916666666666667 0.46881091617933723 0.2851851851851852 0.46881091617933723 0.275 0.4522417153996101 0.275
0 0.5009746588693957 0.2601851851851852 0.49707602339181284 0.26851851851851855 0.5009746588693957 0.28425925925925927 0.5155945419103314 0.29074074074074074 0.5233918128654971 0.28888888888888886 0.5311890838206628 0.2740740740740741 0.5321637426900585 0.2638888888888889 0.5282651072124757 0.25555555555555554 0.51364522417154 0.25
0 0.4649122807017544 0.2462962962962963 0.46588693957115007 0.2601851851851852 0.4727095516569201 0.26666666666666666 0.4873294346978557 0.26666666666666666 0.4951267056530214 0.25555555555555554 0.4951267056530214 0.24537037037037038 0.4853801169590643 0.2351851851851852 0.47368421052631576 0.23703703703703705
0 0.4317738791423002 0.26851851851851855 0.4317738791423002 0.27685185185185185 0.442495126705653 0.2759259259259259 0.4444444444444444 0.26851851851851855 0.4415204678362573 0.2638888888888889
0 0.44541910331384016 0.2462962962962963 0.44639376218323584 0.25555555555555554 0.45614035087719296 0.25462962962962965 0.4571150097465887 0.24722222222222223 0.45321637426900585 0.24074074074074073
0 0.4834307992202729 0.21296296296296297 0.4834307992202729 0.225 0.48830409356725146 0.23055555555555557 0.49902534113060426 0.23148148148148148 0.5087719298245614 0.22685185185185186 0.5116959064327485 0.20925925925925926 0.5048732943469786 0.20092592592592592 0.49317738791423 0.20092592592592592
0 0.5165692007797271 0.22037037037037038 0.5146198830409356 0.23333333333333334 0.5194931773879142 0.24444444444444444 0.5321637426900585 0.25 0.5477582846003899 0.24444444444444444 0.5467836257309941 0.21481481481481482 0.5282651072124757 0.20925925925925926
0 0.5555555555555556 0.2388888888888889 0.5545808966861598 0.25462962962962965 0.5604288499025342 0.26296296296296295 0.5760233918128655 0.26481481481481484 0.5916179337231969 0.25833333333333336 0.5925925925925926 0.24074074074074073 0.5828460038986355 0.22777777777777777 0.5740740740740741 0.22407407407407406 0.5692007797270955 0.22592592592592592
0 0.5886939571150097 0.2064814814814815 0.5896686159844055 0.22314814814814815 0.5984405458089669 0.22777777777777777 0.6111111111111112 0.225 0.6198830409356725 0.21388888888888888 0.6169590643274854 0.20185185185185187 0.6072124756335283 0.19537037037037036
0 0.6345029239766082 0.225 0.6247563352826511 0.22962962962962963 0.6179337231968811 0.23703703703703705 0.6198830409356725 0.25092592592592594 0.6325536062378168 0.25925925925925924 0.645224171539961 0.25555555555555554 0.6559454191033138 0.24166666666666667 0.6539961013645225 0.23425925925925925 0.6403508771929824 0.225
0 0.5614035087719298 0.17407407407407408 0.5487329434697856 0.17962962962962964 0.5448343079922028 0.19722222222222222 0.5526315789473685 0.2111111111111111 0.5604288499025342 0.21481481481481482 0.5692007797270955 0.21481481481481482 0.5779727095516569 0.2037037037037037 0.5799220272904484 0.19166666666666668 0.5740740740740741 0.17777777777777778 0.5653021442495126 0.17407407407407408
0 0.5214424951267057 0.1675925925925926 0.5087719298245614 0.175 0.5077972709551657 0.18703703703703703 0.5116959064327485 0.19722222222222222 0.5243664717348928 0.20185185185185187 0.5360623781676414 0.19537037037037036 0.5409356725146199 0.1824074074074074 0.5399610136452242 0.17685185185185184 0.5292397660818714 0.1675925925925926
0 0.5009746588693957 0.15185185185185185 0.49415204678362573 0.1574074074074074 0.49415204678362573 0.1648148148148148 0.5009746588693957 0.1685185185185185 0.5048732943469786 0.1685185185185185 0.5126705653021443 0.16203703703703703 0.5107212475633528 0.15555555555555556 0.5048732943469786 0.15185185185185185
0 0.49317738791423 0.17407407407407408 0.4853801169590643 0.18055555555555555 0.4853801169590643 0.18981481481481483 0.4902534113060429 0.1935185185185185 0.49610136452241715 0.1925925925925926 0.5009746588693957 0.18611111111111112 0.5 0.17777777777777778 0.49610136452241715 0.17407407407407408
0 0.4766081871345029 0.19537037037037036 0.46881091617933723 0.2 0.4668615984405458 0.2064814814814815 0.4668615984405458 0.21296296296296297 0.47368421052631576 0.21574074074074073 0.47953216374269003 0.21296296296296297 0.48050682261208577 0.20833333333333334 0.48050682261208577 0.19814814814814816 0.4775828460038986 0.1962962962962963
0 0.46296296296296297 0.2222222222222222 0.4571150097465887 0.22592592592592592 0.4571150097465887 0.2324074074074074 0.46296296296296297 0.23333333333333334 0.46588693957115007 0.23055555555555557 0.4668615984405458 0.22314814814814815 0.46393762183235865 0.22314814814814815
0 0.5292397660818714 0.11944444444444445 0.5194931773879142 0.1259259259259259 0.5116959064327485 0.14074074074074075 0.5175438596491229 0.15648148148148147 0.5272904483430799 0.16203703703703703 0.5399610136452242 0.16111111111111112 0.543859649122807 0.15833333333333333 0.5516569200779727 0.14351851851851852 0.550682261208577 0.13055555555555556 0.5448343079922028 0.12314814814814815 0.5370370370370371 0.11944444444444445
0 0.5633528265107213 0.1361111111111111 0.5565302144249513 0.14351851851851852 0.5516569200779727 0.1574074074074074 0.5604288499025342 0.1685185185185185 0.5740740740740741 0.1675925925925926 0.5877192982456141 0.15185185185185185 0.5828460038986355 0.13796296296296295 0.5682261208576999 0.1361111111111111
0 0.6003898635477583 0.15555555555555556 0.5916179337231969 0.15925925925925927 0.5867446393762183 0.1712962962962963 0.5935672514619883 0.18425925925925926 0.6072124756335283 0.18796296296296297 0.6189083820662769 0.1787037037037037 0.6208576998050682 0.17314814814814813 0.615009746588694 0.16203703703703703 0.6062378167641326 0.15555555555555556
0 0.6403508771929824 0.17314814814814813 0.6267056530214425 0.1787037037037037 0.6247563352826511 0.2 0.6296296296296297 0.20925925925925926 0.6374269005847953 0.21203703703703702 0.6393762183235867 0.21574074074074073 0.6500974658869396 0.21203703703703702 0.6549707602339181 0.21388888888888888 0.6598440545808967 0.19907407407407407 0.6559454191033138 0.1824074074074074 0.6500974658869396 0.175 0.6413255360623782 0.17407407407407408
0 0.6929824561403509 0.19074074074074074 0.682261208576998 0.1935185185185185 0.6754385964912281 0.2 0.6744639376218323 0.22314814814814815 0.6920077972709552 0.23796296296296296 0.7076023391812866 0.24074074074074073 0.7144249512670565 0.2361111111111111 0.7202729044834308 0.22592592592592592 0.7192982456140351 0.2064814814814815 0.7095516569200779 0.19166666666666668 0.6968810916179338 0.19074074074074074
0 0.6676413255360624 0.2490740740740741 0.6598440545808967 0.25462962962962965 0.6569200779727096 0.2638888888888889 0.6676413255360624 0.2759259259259259 0.6744639376218323 0.27870370370370373 0.6803118908382066 0.27314814814814814 0.682261208576998 0.2601851851851852 0.6803118908382066 0.25462962962962965 0.672514619883041 0.2490740740740741
0 0.6423001949317739 0.2638888888888889 0.6335282651072125 0.26944444444444443 0.6354775828460039 0.28055555555555556 0.6539961013645225 0.29907407407407405 0.6608187134502924 0.3 0.6666666666666666 0.2861111111111111 0.6442495126705653 0.2638888888888889
0 0.618421052631579 0.34629629629629627 0.6101364522417154 0.3472222222222222 0.6062378167641326 0.3509259259259259 0.6072124756335283 0.36574074074074076 0.6159844054580896 0.37592592592592594 0.6296296296296297 0.37407407407407406 0.6413255360623782 0.36574074074074076 0.6374269005847953 0.35185185185185186 0.6237816764132553 0.34629629629629627
0 0.776803118908382 0.1398148148148148 0.7631578947368421 0.14722222222222223 0.7563352826510721 0.1648148148148148 0.7680311890838206 0.18425925925925926 0.7787524366471735 0.19074074074074074 0.7865497076023392 0.19166666666666668 0.7923976608187134 0.18981481481481483 0.7982456140350878 0.1824074074074074 0.8001949317738791 0.15925925925925927 0.7962962962962963 0.14814814814814814 0.7816764132553606 0.1398148148148148
0 0.7461013645224172 0.19166666666666668 0.7368421052631579 0.1935185185185185 0.732943469785575 0.19907407407407407 0.7358674463937622 0.21481481481481482 0.7397660818713451 0.2212962962962963 0.7446393762183235 0.22314814814814815 0.7543859649122807 0.2222222222222222 0.7631578947368421 0.2074074074074074 0.7612085769980507 0.19814814814814816 0.7514619883040936 0.19166666666666668
0 0.783625730994152 0.20462962962962963 0.7748538011695907 0.21203703703703702 0.7709551656920078 0.23055555555555557 0.7758284600389863 0.23796296296296296 0.7884990253411306 0.24166666666666667 0.7962962962962963 0.23333333333333334 0.797270955165692 0.21481481481481482 0.7933723196881092 0.2074074074074074 0.7875243664717348 0.20462962962962963
0 0.7407407407407407 0.23703703703703705 0.7348927875243665 0.24166666666666667 0.7368421052631579 0.2518518518518518 0.7524366471734892 0.25833333333333336 0.7582846003898636 0.2537037037037037 0.7592592592592593 0.2462962962962963 0.7543859649122807 0.23981481481481481 0.7475633528265108 0.23703703703703705
0 0.7748538011695907 0.2490740740740741 0.7680311890838206 0.2518518518518518 0.7660818713450293 0.25833333333333336 0.7709551656920078 0.2675925925925926 0.7787524366471735 0.2722222222222222 0.7865497076023392 0.26944444444444443 0.7894736842105263 0.26481481481481484 0.7875243664717348 0.25462962962962965 0.7797270955165692 0.2490740740740741
0 0.8123781676413255 0.24722222222222223 0.8070175438596491 0.24722222222222223 0.7962962962962963 0.2537037037037037 0.8001949317738791 0.26851851851851855 0.8070175438596491 0.2722222222222222 0.8157894736842105 0.27037037037037037 0.8206627680311891 0.2657407407407407 0.8226120857699805 0.2518518518518518 0.817738791423002 0.24722222222222223
0 0.8079922027290448 0.2111111111111111 0.8050682261208577 0.21574074074074073 0.8060428849902534 0.23148148148148148 0.8089668615984406 0.23703703703703705 0.817738791423002 0.23796296296296296 0.8255360623781677 0.23333333333333334 0.8265107212475633 0.2212962962962963 0.8235867446393762 0.21481481481481482 0.8118908382066277 0.2111111111111111
0 0.8421052631578947 0.20833333333333334 0.8352826510721247 0.21574074074074073 0.8362573099415205 0.22685185185185186 0.8440545808966862 0.2324074074074074 0.8528265107212476 0.23333333333333334 0.8606237816764133 0.22777777777777777 0.8625730994152047 0.21666666666666667 0.8596491228070176 0.21203703703703702 0.8508771929824561 0.20833333333333334
0 0.8615984405458089 0.24814814814814815 0.8518518518518519 0.2518518518518518 0.8508771929824561 0.25925925925925924 0.8557504873294347 0.26666666666666666 0.8625730994152047 0.26944444444444443 0.8693957115009746 0.26851851851851855 0.8742690058479532 0.262037037037037 0.8713450292397661 0.25277777777777777 0.8635477582846004 0.24814814814814815
0 0.847953216374269 0.2759259259259259 0.8401559454191033 0.2824074074074074 0.8411306042884991 0.2898148148148148 0.8440545808966862 0.2935185185185185 0.854775828460039 0.2962962962962963 0.8615984405458089 0.2898148148148148 0.8606237816764133 0.27870370370370373 0.8557504873294347 0.2759259259259259
0 0.8206627680311891 0.27685185185185185 0.8167641325536062 0.2796296296296296 0.8157894736842105 0.2861111111111111 0.817738791423002 0.29074074074074074 0.8226120857699805 0.2916666666666667 0.8304093567251462 0.28703703703703703 0.8294346978557505 0.2796296296296296 0.8255360623781677 0.27685185185185185
0 0.854775828460039 0.17592592592592593 0.8440545808966862 0.1814814814814815 0.8421052631578947 0.19074074074074074 0.847953216374269 0.19814814814814816 0.8606237816764133 0.2 0.8664717348927875 0.19537037037037036 0.868421052631579 0.18611111111111112 0.8625730994152047 0.17777777777777778 0.8567251461988304 0.17592592592592593
0 0.8187134502923976 0.18518518518518517 0.8079922027290448 0.18888888888888888 0.8060428849902534 0.19907407407407407 0.8099415204678363 0.2037037037037037 0.8206627680311891 0.2074074074074074 0.8333333333333334 0.19907407407407407 0.8323586744639376 0.19074074074074074 0.8235867446393762 0.18518518518518517
0 0.827485380116959 0.1537037037037037 0.8157894736842105 0.1574074074074074 0.8128654970760234 0.16666666666666666 0.8157894736842105 0.175 0.8255360623781677 0.17962962962962964 0.834307992202729 0.17685185185185184 0.8391812865497076 0.1675925925925926 0.8352826510721247 0.15648148148148147 0.8284600389863548 0.15462962962962962
0 0.8771929824561403 0.1574074074074074 0.8723196881091618 0.16018518518518518 0.8693957115009746 0.17037037037037037 0.8752436647173489 0.17592592592592593 0.8869395711500975 0.17222222222222222 0.8879142300194932 0.16296296296296298 0.8820662768031189 0.1574074074074074
0 0.8615984405458089 0.09351851851851851 0.8489278752436648 0.09722222222222222 0.8430799220272904 0.10555555555555556 0.8450292397660819 0.11574074074074074 0.854775828460039 0.12407407407407407 0.8654970760233918 0.12407407407407407 0.8752436647173489 0.11481481481481481 0.8762183235867447 0.10185185185185185 0.8674463937621832 0.09351851851851851
0 0.8206627680311891 0.075 0.8138401559454191 0.07777777777777778 0.8089668615984406 0.08703703703703704 0.8138401559454191 0.10185185185185185 0.8206627680311891 0.10462962962962963 0.834307992202729 0.10185185185185185 0.8391812865497076 0.09444444444444444 0.8362573099415205 0.08055555555555556 0.8216374269005848 0.075
0 0.783625730994152 0.09259259259259259 0.7719298245614035 0.10185185185185185 0.7699805068226121 0.11203703703703703 0.7758284600389863 0.125 0.7904483430799221 0.13148148148148148 0.7992202729044834 0.12962962962962962 0.8089668615984406 0.12222222222222222 0.8128654970760234 0.10740740740740741 0.8011695906432749 0.09444444444444444 0.7884990253411306 0.09259259259259259
0 0.7270955165692008 0.12962962962962962 0.7183235867446394 0.1361111111111111 0.7183235867446394 0.14351851851851852 0.7270955165692008 0.1537037037037037 0.7339181286549707 0.1537037037037037 0.7407407407407407 0.15 0.746588693957115 0.1398148148148148 0.7407407407407407 0.13333333333333333 0.7319688109161794 0.12962962962962962
0 0.6910331384015594 0.13425925925925927 0.682261208576998 0.1388888888888889 0.6773879142300195 0.1537037037037037 0.6793372319688109 0.16666666666666666 0.6871345029239766 0.1712962962962963 0.6988304093567251 0.1685185185185185 0.7076023391812866 0.15925925925925927 0.7066276803118908 0.14629629629629629 0.6929824561403509 0.13425925925925927
0 0.7076023391812866 0.07685185185185185 0.6968810916179338 0.08055555555555556 0.6920077972709552 0.08796296296296297 0.6871345029239766 0.10555555555555556 0.6871345029239766 0.11481481481481481 0.6920077972709552 0.12129629629629629 0.7153996101364523 0.12314814814814815 0.7251461988304093 0.1175925925925926 0.7339181286549707 0.10555555555555556 0.7339181286549707 0.0962962962962963 0.7280701754385965 0.08333333333333333 0.7124756335282652 0.07685185185185185
0 0.6500974658869396 0.06759259259259259 0.6374269005847953 0.0712962962962963 0.6276803118908382 0.08425925925925926 0.6286549707602339 0.10185185185185185 0.6345029239766082 0.10833333333333334 0.6432748538011696 0.1111111111111111 0.6578947368421053 0.10833333333333334 0.6764132553606238 0.09444444444444444 0.6773879142300195 0.08518518518518518 0.6744639376218323 0.07777777777777778 0.6549707602339181 0.06759259259259259
0 0.6033138401559455 0.10925925925925926 0.5935672514619883 0.11574074074074074 0.5925925925925926 0.12962962962962962 0.6003898635477583 0.14074074074074075 0.6120857699805068 0.1425925925925926 0.6198830409356725 0.13425925925925927 0.621832358674464 0.125 0.6159844054580896 0.1111111111111111 0.6081871345029239 0.10925925925925926
0 0.5623781676413255 0.058333333333333334 0.5487329434697856 0.06666666666666667 0.5448343079922028 0.07685185185185185 0.5467836257309941 0.08888888888888889 0.5594541910331384 0.09814814814814815 0.5730994152046783 0.09537037037037037 0.5818713450292398 0.08518518518518518 0.5779727095516569 0.06666666666666667 0.5672514619883041 0.058333333333333334
0 0.5292397660818714 0.05555555555555555 0.5224171539961013 0.058333333333333334 0.5146198830409356 0.06851851851851852 0.51364522417154 0.07777777777777778 0.5185185185185185 0.08425925925925926 0.5311890838206628 0.08518518518518518 0.5399610136452242 0.07592592592592592 0.5409356725146199 0.06388888888888888 0.5311890838206628 0.05555555555555555
0 0.571150097465887 0.013888888888888888 0.5565302144249513 0.021296296296296296 0.5497076023391813 0.032407407407407406 0.5526315789473685 0.04351851851851852 0.564327485380117 0.05277777777777778 0.5779727095516569 0.04814814814814815 0.5838206627680312 0.03888888888888889 0.5847953216374269 0.025 0.5740740740740741 0.013888888888888888
0 0.5321637426900585 0.028703703703703703 0.5253411306042886 0.03518518518518519 0.5233918128654971 0.046296296296296294 0.5263157894736842 0.05092592592592592 0.5399610136452242 0.05185185185185185 0.5448343079922028 0.049074074074074076 0.5458089668615984 0.041666666666666664 0.5428849902534113 0.032407407407407406 0.5370370370370371 0.028703703703703703
0 0.6052631578947368 0.020370370370370372 0.5916179337231969 0.028703703703703703 0.5886939571150097 0.03981481481481482 0.5906432748538012 0.05 0.601364522417154 0.05648148148148148 0.6120857699805068 0.05555555555555555 0.6237816764132553 0.046296296296296294 0.6228070175438597 0.03425925925925926 0.6169590643274854 0.023148148148148147 0.6072124756335283 0.020370370370370372
0 0.6461988304093568 0.012962962962962963 0.6393762183235867 0.016666666666666666 0.631578947368421 0.026851851851851852 0.631578947368421 0.04351851851851852 0.6393762183235867 0.05092592592592592 0.6617933723196882 0.04814814814814815 0.6705653021442495 0.03888888888888889 0.6715399610136452 0.028703703703703703 0.6539961013645225 0.012962962962962963
0 0.7378167641325536 0.005555555555555556 0.7241715399610137 0.011111111111111112 0.7153996101364523 0.021296296296296296 0.723196881091618 0.044444444444444446 0.7270955165692008 0.04814814814814815 0.7348927875243665 0.049074074074074076 0.7495126705653021 0.04537037037037037 0.7592592592592593 0.02962962962962963 0.7592592592592593 0.018518518518518517 0.7553606237816765 0.011111111111111112 0.7485380116959064 0.006481481481481481 0.7387914230019493 0.006481481481481481
0 0.6871345029239766 0.03333333333333333 0.6783625730994152 0.03888888888888889 0.6734892787524367 0.049074074074074076 0.6734892787524367 0.05740740740740741 0.6783625730994152 0.06481481481481481 0.6998050682261209 0.06944444444444445 0.7115009746588694 0.05925925925925926 0.7124756335282652 0.05 0.7017543859649122 0.037037037037037035 0.6910331384015594 0.03333333333333333
0 0.7807017543859649 0.019444444444444445 0.7719298245614035 0.025925925925925925 0.7660818713450293 0.03888888888888889 0.7651072124756335 0.046296296296296294 0.7719298245614035 0.053703703703703705 0.7923976608187134 0.05277777777777778 0.8001949317738791 0.044444444444444446 0.8031189083820662 0.032407407407407406 0.7953216374269005 0.022222222222222223 0.7875243664717348 0.019444444444444445
0 0.8235867446393762 0.02962962962962963 0.8099415204678363 0.03611111111111111 0.8060428849902534 0.05 0.8089668615984406 0.06111111111111111 0.8206627680311891 0.06666666666666667 0.8333333333333334 0.06574074074074074 0.8430799220272904 0.05277777777777778 0.8421052631578947 0.03888888888888889 0.8352826510721247 0.03148148148148148 0.8294346978557505 0.02962962962962963
0 0.7495126705653021 0.06018518518518518 0.7397660818713451 0.06666666666666667 0.7358674463937622 0.08148148148148149 0.7456140350877193 0.09351851851851851 0.7582846003898636 0.09537037037037037 0.7709551656920078 0.08796296296296297 0.7729044834307992 0.08055555555555556 0.7699805068226121 0.06759259259259259 0.7553606237816765 0.06018518518518518
0 0.7904483430799221 0.06296296296296296 0.7797270955165692 0.06666666666666667 0.7777777777777778 0.07407407407407407 0.7816764132553606 0.08148148148148149 0.7884990253411306 0.08518518518518518 0.8001949317738791 0.08425925925925926 0.8050682261208577 0.0787037037037037 0.8050682261208577 0.06759259259259259 0.797270955165692 0.06296296296296296
0 0.8381091617933722 0 0.7933723196881092 0 0.7933723196881092 0.004629629629629629 0.797270955165692 0.012962962962962963 0.8079922027290448 0.023148148148148147 0.8226120857699805 0.023148148148148147 0.8313840155945419 0.021296296296296296 0.8362573099415205 0.016666666666666666 0.8430799220272904 0
0 0.8601364522417154 0.007407407407407408 0.8499025341130604 0.009259259259259259 0.8440545808966862 0.01574074074074074 0.8411306042884991 0.025 0.8489278752436648 0.03333333333333333 0.868421052631579 0.03148148148148148 0.8742690058479532 0.025 0.8742690058479532 0.013888888888888888 0.8654970760233918 0.007407407407407408
0 0.9042884990253411 0 0.8840155945419104 0 0.8840155945419104 0.012037037037037037 0.8908382066276803 0.019444444444444445 0.9035087719298246 0.018518518518518517 0.9093567251461988 0.012037037037037037 0.9093567251461988 0
0 0.9317738791423001 0.005555555555555556 0.9200779727095516 0.013888888888888888 0.919103313840156 0.028703703703703703 0.9317738791423001 0.02962962962962963 0.9376218323586745 0.025925925925925925 0.9415204678362573 0.014814814814814815 0.9395711500974658 0.010185185185185186 0.9337231968810916 0.007407407407407408
0 0.9210526315789473 0.06759259259259259 0.9122807017543859 0.07314814814814814 0.9113060428849903 0.08796296296296297 0.9249512670565302 0.09537037037037037 0.9327485380116959 0.08888888888888889 0.935672514619883 0.07777777777777778 0.9317738791423001 0.07037037037037037 0.9220272904483431 0.06759259259259259
0 0.8927875243664717 0.0712962962962963 0.8820662768031189 0.07685185185185185 0.8801169590643275 0.08611111111111111 0.8830409356725146 0.08888888888888889 0.8937621832358674 0.08703703703703704 0.898635477582846 0.08148148148148149 0.8976608187134503 0.07407407407407407 0.8937621832358674 0.0712962962962963
0 0.8888888888888888 0.11944444444444445 0.8830409356725146 0.12222222222222222 0.878167641325536 0.12962962962962962 0.884990253411306 0.13703703703703704 0.8937621832358674 0.13703703703703704 0.898635477582846 0.13148148148148148 0.898635477582846 0.12407407407407407 0.8927875243664717 0.11944444444444445
0 0.8128654970760234 0.1287037037037037 0.8060428849902534 0.13148148148148148 0.7992202729044834 0.1398148148148148 0.8070175438596491 0.14814814814814814 0.8148148148148148 0.14814814814814814 0.8206627680311891 0.14351851851851852 0.8206627680311891 0.13333333333333333 0.8148148148148148 0.1287037037037037
0 0.8635477582846004 0.13425925925925927 0.8596491228070176 0.13703703703703704 0.8596491228070176 0.14166666666666666 0.8654970760233918 0.15 0.8723196881091618 0.14907407407407408 0.8752436647173489 0.14537037037037037 0.8752436647173489 0.1398148148148148 0.8703703703703703 0.13425925925925927
0 0.5653021442495126 0.10462962962962963 0.5594541910331384 0.10833333333333334 0.5545808966861598 0.11851851851851852 0.5555555555555556 0.12685185185185185 0.5604288499025342 0.13148148148148148 0.5721247563352827 0.13055555555555556 0.5818713450292398 0.12037037037037036 0.5750487329434698 0.10925925925925926 0.5672514619883041 0.10462962962962963
0 0.5292397660818714 0.08981481481481482 0.52046783625731 0.09814814814814815 0.5253411306042886 0.11296296296296296 0.5350877192982456 0.11203703703703703 0.543859649122807 0.10185185185185185 0.5409356725146199 0.09259259259259259 0.5370370370370371 0.08981481481481482
0 0.8557504873294347 0.1537037037037037 0.8460038986354775 0.15925925925925927 0.8508771929824561 0.1675925925925926 0.8596491228070176 0.16666666666666666 0.8615984405458089 0.1574074074074074 0.8567251461988304 0.15462962962962962
0 0.8401559454191033 0.13055555555555556 0.8333333333333334 0.13333333333333333 0.8323586744639376 0.1398148148148148 0.8411306042884991 0.14629629629629629 0.8518518518518519 0.13703703703703704 0.8469785575048733 0.13055555555555556
0 0.8265107212475633 0.10925925925925926 0.8216374269005848 0.11018518518518519 0.8187134502923976 0.11666666666666667 0.8235867446393762 0.12685185185185185 0.8313840155945419 0.1259259259259259 0.8382066276803118 0.12037037037037036 0.8382066276803118 0.11296296296296296 0.8284600389863548 0.10925925925925926
0 0 0.8166666666666667 0 0.8425925925925926 0.005847953216374269 0.8324074074074074 0.0009746588693957114 0.8166666666666667
0 0.3762183235867446 0.5731481481481482 0.37037037037037035 0.575925925925926 0.36744639376218324 0.5814814814814815 0.3664717348927875 0.5981481481481481 0.3732943469785575 0.6046296296296296 0.3898635477582846 0.6046296296296296 0.39766081871345027 0.6018518518518519 0.40058479532163743 0.5842592592592593 0.3898635477582846 0.5740740740740741 0.38499025341130605 0.5731481481481482
0 0.5984405458089669 0.06481481481481481 0.5896686159844055 0.07222222222222222 0.5877192982456141 0.08703703703703704 0.6003898635477583 0.0962962962962963 0.6130604288499025 0.09351851851851851 0.6198830409356725 0.08518518518518518 0.615009746588694 0.06944444444444445 0.6042884990253411 0.06481481481481481
0 0.6311608187134503 0 0.5994152046783626 0.001851851851851852 0.6052631578947368 0.012037037037037037 0.6159844054580896 0.014814814814814815 0.6296296296296297 0.011111111111111112 0.6364522417153996 0
0 0.7094298245614035 0 0.6744639376218323 0 0.682261208576998 0.022222222222222223 0.6939571150097466 0.024074074074074074 0.7056530214424951 0.020370370370370372 0.7144249512670565 0
0 0.9243557504873294 0.03860092592592593 0.9183313840155946 0.045499074074074074 0.9244649122807017 0.06173425925925926 0.9345409356725147 0.06173425925925926 0.9389220272904483 0.04425