0 0.471954 0.574238 0.470986 0.585054 0.475822 0.600787 0.487427 0.612586 0.499033 0.616519 0.519342 0.613569 0.533849 0.600787 0.540619 0.585054 0.535783 0.553589 0.518375 0.542773 0.498066 0.542773 0.482592 0.548673 0.475822 0.557522
0 0.427466 0.606686 0.425532 0.623402 0.432302 0.655851 0.448743 0.66765 0.461315 0.666667 0.474855 0.657817 0.481625 0.639135 0.477756 0.611603 0.454545 0.593904 0.434236 0.596853
0 0.353965 0.720747 0.353965 0.737463 0.365571 0.752212 0.37911 0.751229 0.396518 0.74238 0.404255 0.73353 0.402321 0.711898 0.387814 0.695182 0.375242 0.693215 0.366538 0.697148
0 0.309478 0.73353 0.310445 0.751229 0.317215 0.759095 0.337524 0.760079 0.346228 0.754179 0.348162 0.746313 0.33559 0.72763 0.316248 0.728614
0 0.294971 0.685349 0.294971 0.699115 0.300774 0.706981 0.314313 0.713864 0.331721 0.713864 0.34913 0.699115 0.356867 0.674533 0.347195 0.6647 0.318182 0.659784 0.305609 0.663717
0 0.308511 0.617502 0.307544 0.629302 0.313346 0.638151 0.323985 0.643068 0.352031 0.647984 0.357834 0.646018 0.367505 0.633235 0.364603 0.608653 0.358801 0.597837 0.346228 0.588987 0.321083 0.593904
0 0.201161 0.588004 0.203095 0.614553 0.220503 0.633235 0.249516 0.632252 0.26499 0.616519 0.261122 0.587021 0.243714 0.574238 0.224371 0.570305 0.20793 0.577188
0 0.282398 0.590954 0.282398 0.611603 0.296905 0.609636 0.305609 0.588987 0.303675 0.576205 0.300774 0.573255 0.289168 0.576205
0 0.247582 0.548673 0.246615 0.557522 0.253385 0.564405 0.279497 0.567355 0.296905 0.557522 0.299807 0.53884 0.291103 0.528024 0.27853 0.526057 0.252418 0.53884
0 0.220503 0.500492 0.22147 0.515241 0.235977 0.52999 0.252418 0.52409 0.270793 0.508358 0.268859 0.494592 0.250484 0.479843 0.232108 0.485742
0 0.176015 0.511308 0.175048 0.519174 0.183752 0.525074 0.191489 0.523107 0.197292 0.515241 0.190522 0.505408
0 0.154739 0.523107 0.154739 0.534907 0.16441 0.53884 0.17118 0.52999 0.17118 0.521141 0.16441 0.517207
0 0.131528 0.53884 0.129594 0.546706 0.133462 0.553589 0.148936 0.549656 0.145068 0.539823
0 0.105416 0.548673 0.10058 0.553589 0.10058 0.561455 0.104449 0.568338 0.110251 0.568338 0.12089 0.560472 0.121857 0.554572 0.116054 0.545723
0 0.0647969 0.567355 0.0638298 0.575221 0.073501 0.582104 0.0880077 0.577188 0.0928433 0.571288 0.0880077 0.558505 0.0696325 0.562439
0 0.0251451 0.563422 0.0212766 0.567355 0.0280464 0.584071 0.0435203 0.587021 0.0551257 0.582104 0.0512573 0.565388
0 0.00290135 0.559489 0 0.559489 0 0.585054 0.00967118 0.582104 0.0145068 0.575221 0.0116054 0.564405
0 0.256286 0.462144 0.255319 0.468043 0.260155 0.473943 0.268859 0.473943 0.27853 0.46411 0.279497 0.45821 0.27176 0.453294
0 0.280464 0.478859 0.280464 0.487709 0.286267 0.498525 0.299807 0.498525 0.306576 0.490659 0.307544 0.479843 0.296905 0.468043 0.287234 0.469027
0 0.311412 0.449361 0.311412 0.46116 0.321083 0.474926 0.333656 0.47296 0.343327 0.457227 0.339458 0.445428 0.326886 0.436578 0.318182 0.437561
0 0.291103 0.433628 0.291103 0.444444 0.296905 0.445428 0.312379 0.427729 0.306576 0.421829
0 0.332689 0.40413 0.330754 0.418879 0.339458 0.428712 0.352031 0.432645 0.364603 0.420846 0.366538 0.40413 0.353965 0.388397 0.345261 0.388397
0 0.361702 0.366765 0.361702 0.378564 0.376209 0.393314 0.389749 0.388397 0.400387 0.368732 0.397485 0.357915 0.386847 0.346116 0.369439 0.354966
0 0.391683 0.408063 0.395551 0.423795 0.405222 0.428712 0.423598 0.420846 0.428433 0.40413 0.419729 0.386431 0.411025 0.382498 0.404255 0.387414 0.402321 0.400197
0 0.418762 0.438545 0.417795 0.453294 0.432302 0.466077 0.448743 0.46411 0.460348 0.443461 0.452611 0.423795 0.443907 0.418879 0.427466 0.428712
0 0.155706 0.6647 0.155706 0.683382 0.166344 0.699115 0.200193 0.696165 0.20793 0.684366 0.205996 0.657817 0.189555 0.644051 0.167311 0.648968
0 0.102515 0.681416 0.104449 0.700098 0.11412 0.709931 0.140232 0.711898 0.147002 0.706981 0.149903 0.696165 0.146035 0.679449 0.137331 0.66765 0.116054 0.668633
0 0.0212766 0.688299 0.0183752 0.703048 0.0280464 0.713864 0.0396518 0.716814 0.0531915 0.709931 0.0531915 0.688299 0.049323 0.684366 0.0348162 0.678466 0.0261122 0.681416
0 0.00386847 0.650934 0 0.650934 0 0.689282 0.0174081 0.66765 0.016441 0.654867
0 0.00193424 0.597837 0 0.641101 0.00967118 0.643068 0.0193424 0.635202 0.0212766 0.619469 0.016441 0.605703
0 0.0319149 0.599803 0.0299807 0.614553 0.0338491 0.623402 0.0435203 0.629302 0.0541586 0.627335 0.0609284 0.615536 0.0580271 0.600787 0.0454545 0.593904
0 0.073501 0.591937 0.0705996 0.594887 0.0705996 0.610619 0.0744681 0.619469 0.0870406 0.622419 0.098646 0.616519 0.103482 0.60767 0.103482 0.59587 0.098646 0.588987 0.0880077 0.587021
0 0.113153 0.581121 0.115087 0.608653 0.126692 0.625369 0.135397 0.627335 0.15087 0.626352 0.168279 0.616519 0.176015 0.602753 0.179884 0.586037 0.175048 0.569322 0.155706 0.561455 0.134429 0.562439
0 0.106383 0.729597 0.105416 0.748279 0.109284 0.758112 0.121857 0.764995 0.137331 0.764995 0.155706 0.747296 0.15764 0.73648 0.148936 0.722714 0.113153 0.718781
0 0.219536 0.745329 0.219536 0.771878 0.232108 0.786627 0.243714 0.785644 0.26499 0.766962 0.264023 0.743363 0.254352 0.735497 0.234043 0.73648
0 0.26499 0.846608 0.263056 0.857424 0.265957 0.860374 0.280464 0.857424 0.280464 0.844641 0.268859 0.843658
0 0.199226 0.873156 0.198259 0.884956 0.208897 0.894789 0.219536 0.892822 0.229207 0.881023 0.22824 0.87119 0.216634 0.864307 0.20793 0.864307
0 0.151838 0.835792 0.152805 0.853491 0.16441 0.866273 0.185687 0.867257 0.196325 0.852507 0.193424 0.835792 0.178917 0.819076 0.165377 0.820059
0 0.121857 0.79646 0.121857 0.814159 0.139265 0.825959 0.145068 0.824975 0.152805 0.813176 0.147969 0.79941 0.136364 0.79056 0.126692 0.791544
0 0.0764023 0.813176 0.0764023 0.823992 0.0812379 0.831858 0.0947776 0.836775 0.102515 0.834808 0.108317 0.814159 0.104449 0.79941 0.0918762 0.798427
0 0.141199 0.880039 0.141199 0.889872 0.147969 0.890855 0.15087 0.876106
0 0.112186 0.839725 0.109284 0.850541 0.113153 0.85939 0.126692 0.870206 0.134429 0.86824 0.140232 0.861357 0.137331 0.841691 0.131528 0.836775
0 0.0647969 0.848574 0.0667311 0.870206 0.0783366 0.881023 0.089942 0.880039 0.098646 0.866273 0.0957447 0.858407 0.0754352 0.843658
0 0.0174081 0.86824 0.0174081 0.880039 0.0377176 0.884956 0.0502901 0.876106 0.0522244 0.86529 0.0502901 0.858407 0.0386847 0.851524
0 0.00483559 0.821042 0 0.823009 0 0.856441 0.00967118 0.852507 0.0241779 0.834808 0.016441 0.823992
0 0.00773694 0.903638 0.00676983 0.916421 0.0106383 0.92527 0.0319149 0.93117 0.0357834 0.92527 0.0338491 0.902655 0.0154739 0.897738
0 0.00193424 0.932153 0 0.964602 0.0183752 0.962635 0.0251451 0.954769 0.0232108 0.945919
0 0.0319149 0.947886 0.0319149 0.961652 0.0415861 0.970501 0.0676983 0.966568 0.0764023 0.958702 0.0793037 0.948869 0.0744681 0.935103 0.0696325 0.93117 0.0522244 0.933137
0 0.0967118 0.892822 0.0957447 0.904621 0.10058 0.918387 0.111219 0.924287 0.123791 0.923304 0.131528 0.908555 0.12766 0.887906 0.112186 0.880039
0 0.143133 0.911504 0.142166 0.922321 0.145068 0.926254 0.160542 0.920354 0.160542 0.914454 0.154739 0.907571 0.147002 0.905605
0 0.0705996 0.899705 0.0725338 0.916421 0.082205 0.918387 0.0860735 0.912488 0.0851064 0.900688 0.0812379 0.896755
0 0.20793 0.93707 0.206963 0.945919 0.212766 0.956735 0.230174 0.961652 0.236944 0.955752 0.236944 0.941986 0.229207 0.930187 0.216634 0.929204
0 0.243714 0.929204 0.245648 0.946903 0.252418 0.953786 0.270793 0.954769 0.282398 0.946903 0.284333 0.92822 0.272727 0.908555 0.253385 0.913471
0 0.169246 0.889872 0.168279 0.895772 0.174081 0.902655 0.181818 0.901672 0.186654 0.892822 0.180851 0.883972
0 0.281431 0.876106 0.281431 0.885939 0.29207 0.904621 0.313346 0.900688 0.321083 0.893805 0.324952 0.882989 0.323985 0.870206 0.302708 0.85939 0.295938 0.861357
0 0.318182 0.834808 0.316248 0.844641 0.321083 0.854474 0.32882 0.854474 0.338491 0.846608 0.338491 0.837758 0.334623 0.832842 0.327853 0.830875
0 0.338491 0.86529 0.336557 0.877089 0.343327 0.882989 0.354932 0.885939 0.363636 0.879056 0.364603 0.867257 0.359768 0.860374 0.347195 0.858407
0 0.293037 0.920354 0.294004 0.945919 0.316248 0.951819 0.324952 0.947886 0.326886 0.935103 0.317215 0.916421
0 0.329787 0.911504 0.337524 0.93412 0.347195 0.938053 0.360735 0.93412 0.360735 0.914454 0.352031 0.902655 0.337524 0.898722
0 0.37234 0.889872 0.370406 0.907571 0.376209 0.926254 0.397485 0.923304 0.402321 0.912488 0.401354 0.898722 0.386847 0.883972 0.377176 0.883972
0 0.410058 0.873156 0.410058 0.893805 0.414894 0.904621 0.426499 0.907571 0.44294 0.896755 0.445841 0.884956 0.441006 0.87414 0.430368 0.864307 0.417795 0.864307
0 0.441973 0.838741 0.441006 0.852507 0.445841 0.866273 0.459381 0.881023 0.477756 0.879056 0.494197 0.866273 0.497099 0.856441 0.495164 0.846608 0.480658 0.826942 0.471954 0.823992 0.452611 0.826942
0 0.380077 0.847591 0.377176 0.853491 0.37911 0.86824 0.391683 0.870206 0.397485 0.867257 0.401354 0.85939 0.39942 0.851524 0.389749 0.844641
0 0.382979 0.814159 0.382012 0.825959 0.386847 0.831858 0.396518 0.832842 0.405222 0.828909 0.408124 0.817109 0.401354 0.80826 0.389749 0.80531
0 0.414894 0.834808 0.413926 0.843658 0.417795 0.848574 0.4294 0.846608 0.431335 0.837758 0.428433 0.834808
0 0.351064 0.827925 0.352031 0.838741 0.365571 0.846608 0.373308 0.834808 0.37234 0.825959 0.361702 0.821042 0.353965 0.823009
0 0.380077 0.771878 0.380077 0.783677 0.391683 0.79351 0.405222 0.792527 0.411025 0.786627 0.402321 0.767945 0.39265 0.764012
0 0.220503 0.827925 0.216634 0.830875 0.220503 0.848574 0.235977 0.856441 0.246615 0.855457 0.251451 0.844641 0.250484 0.830875 0.23501 0.821042
0 0.182785 0.939036 0.181818 0.952802 0.188588 0.956735 0.196325 0.950836 0.198259 0.941986 0.191489 0.936087
0 0.384913 0.303835 0.382979 0.318584 0.38588 0.320551 0.395551 0.318584 0.405222 0.305801 0.398453 0.294985 0.393617 0.294985
0 0.431335 0.279253 0.430368 0.296952 0.44294 0.310718 0.454545 0.314651 0.467118 0.310718 0.479691 0.286136 0.477756 0.270403 0.459381 0.259587 0.443907 0.264503
0 0.411025 0.27237 0.40619 0.283186 0.414894 0.288102 0.420696 0.274336
0 0.423598 0.246804 0.421663 0.258604 0.4294 0.259587 0.437137 0.254671 0.438104 0.243854 0.431335 0.241888
0 0.437137 0.211406 0.438104 0.227139 0.445841 0.233038 0.45648 0.226155 0.462282 0.214356 0.460348 0.204523 0.44971 0.196657 0.441973 0.201573
0 0.451644 0.165192 0.452611 0.178958 0.459381 0.186824 0.470019 0.188791 0.480658 0.176991 0.481625 0.163225 0.471954 0.154376 0.459381 0.153392
0 0.470019 0.129794 0.469052 0.139626 0.477756 0.144543 0.48646 0.143559 0.491296 0.136676 0.485493 0.123894 0.477756 0.122911
0 0.484526 0.0501475 0.482592 0.0609636 0.485493 0.0766962 0.504836 0.0845624 0.515474 0.0737463 0.515474 0.0471976 0.50677 0.0403147 0.49323 0.0393314
0 0.492263 0.0108161 0.492263 0.0285152 0.504836 0.0334317 0.518375 0.0294985 0.522244 0.0196657 0.518375 0.00786627 0.500967 0.00393314
0 0.478723 0.0875123 0.477756 0.102262 0.487427 0.114061 0.492263 0.113078 0.500967 0.102262 0.499033 0.0914454 0.487427 0.0825959
0 0.528046 0.0609636 0.527079 0.0786627 0.529981 0.0855457 0.546422 0.0993117 0.568665 0.0855457 0.572534 0.0570305 0.559961 0.0432645 0.540619 0.0462144
0 0.581238 0.0835792 0.581238 0.106195 0.594778 0.117011 0.611219 0.117011 0.625725 0.102262 0.628627 0.0757129 0.622824 0.0629302 0.616054 0.0580138 0.591876 0.0599803
0 0.640232 0.0737463 0.639265 0.0963618 0.643133 0.112094 0.653772 0.121927 0.672147 0.123894 0.686654 0.120944 0.705029 0.0983284 0.705996 0.0835792 0.702128 0.0678466 0.681818 0.0511308 0.665377 0.0501475 0.65087 0.0560472
0 0.744681 0.112094 0.744681 0.13766 0.754352 0.148476 0.77176 0.148476 0.774662 0.142576 0.782398 0.14061 0.791103 0.130777 0.790135 0.108161 0.777563 0.0924287 0.754352 0.0983284
0 0.702128 0.147493 0.698259 0.154376 0.705029 0.171091 0.712766 0.175025 0.733075 0.171091 0.737911 0.150442 0.72824 0.135693 0.710832 0.13766
0 0.679884 0.188791 0.678917 0.204523 0.687621 0.214356 0.705029 0.214356 0.713733 0.204523 0.713733 0.189774 0.698259 0.179941 0.686654 0.181908
0 0.719536 0.224189 0.718569 0.240905 0.727273 0.251721 0.743714 0.254671 0.759188 0.240905 0.758221 0.221239 0.743714 0.210423 0.730174 0.213373
0 0.776596 0.223206 0.77853 0.240905 0.791103 0.248771 0.806576 0.247788 0.819149 0.227139 0.818182 0.217306 0.806576 0.207473 0.79207 0.20944
0 0.704062 0.115044 0.705029 0.126844 0.709865 0.129794 0.724371 0.12881 0.729207 0.12586 0.736944 0.107178 0.72824 0.0973451 0.720503 0.0963618 0.70793 0.105211
0 0.711799 0.0540806 0.712766 0.06588 0.725338 0.0776794 0.736944 0.079646 0.748549 0.0707965 0.748549 0.0629302 0.738878 0.0511308
0 0.746615 0.0167158 0.744681 0.0324484 0.753385 0.0491642 0.76499 0.0560472 0.776596 0.0521141 0.789168 0.0324484 0.790135 0.0216323 0.786267 0.0127827 0.77853 0.00688299 0.764023 0.00589971
0 0.708897 0.020649 0.70793 0.0314651 0.712766 0.0393314 0.731141 0.0353982 0.732108 0.0285152 0.726306 0.020649
0 0.746615 0 0.709865 0.000983284 0.719536 0.00884956 0.73501 0.00983284
0 0.760155 0.258604 0.759188 0.265487 0.76499 0.270403 0.776596 0.26647 0.777563 0.259587 0.772727 0.253687 0.767892 0.252704
0 0.79207 0.26942 0.79207 0.278269 0.796905 0.282203 0.809478 0.276303 0.808511 0.265487 0.803675 0.261554 0.796905 0.262537
0 0.759188 0.293019 0.759188 0.302852 0.766925 0.311701 0.77853 0.312684 0.789168 0.304818 0.788201 0.294002 0.777563 0.281219 0.76499 0.282203
0 0.718569 0.309735 0.718569 0.321534 0.72824 0.33825 0.737911 0.343166 0.749516 0.337266 0.757253 0.322517 0.746615 0.302852 0.731141 0.301868
0 0.667311 0.3353 0.665377 0.349066 0.67118 0.375615 0.687621 0.384464 0.710832 0.380531 0.719536 0.364798 0.719536 0.347099 0.710832 0.3353 0.689555 0.324484 0.67795 0.327434
0 0.578337 0.339233 0.579304 0.361849 0.590909 0.372665 0.611219 0.374631 0.626692 0.356932 0.625725 0.33235 0.612186 0.317601 0.595745 0.317601
0 0.62766 0.377581 0.625725 0.383481 0.629594 0.397247 0.640232 0.400197 0.656673 0.384464 0.654739 0.370698 0.647002 0.358899 0.636364 0.364798
0 0.656673 0.411013 0.655706 0.414946 0.67118 0.437561 0.689555 0.429695 0.698259 0.417896 0.698259 0.40413 0.689555 0.397247 0.668279 0.39823
0 0.685687 0.448378 0.68472 0.459194 0.702128 0.47001 0.712766 0.47001 0.724371 0.459194 0.720503 0.438545 0.7147 0.433628 0.705029 0.434612
0 0.673114 0.482793 0.67118 0.501475 0.676015 0.505408 0.691489 0.509341 0.702128 0.504425 0.703095 0.490659 0.697292 0.479843 0.67795 0.477876
0 0.606383 0.551622 0.609284 0.574238 0.61412 0.579154 0.629594 0.583088 0.65087 0.578171 0.661509 0.560472 0.656673 0.53589 0.651838 0.528024 0.645068 0.525074 0.621857 0.52704
0 0.566731 0.518191 0.567698 0.534907 0.574468 0.542773 0.589942 0.543756 0.594778 0.539823 0.599613 0.518191 0.591876 0.505408 0.584139 0.505408
0 0.525145 0.45821 0.523211 0.489676 0.529014 0.501475 0.542553 0.512291 0.551257 0.512291 0.559961 0.507375 0.576402 0.490659 0.581238 0.473943 0.566731 0.451327 0.535783 0.449361
0 0.460348 0.403147 0.459381 0.418879 0.466151 0.434612 0.480658 0.435595 0.498066 0.424779 0.501934 0.406096 0.489362 0.386431 0.476789 0.388397
0 0.434236 0.359882 0.430368 0.377581 0.43617 0.393314 0.445841 0.399213 0.45648 0.394297 0.472921 0.372665 0.473888 0.358899 0.46325 0.346116 0.455513 0.346116
0 0.499033 0.355949 0.499033 0.382498 0.50677 0.391347 0.518375 0.391347 0.527079 0.376598 0.524178 0.359882 0.511605 0.350049
0 0.401354 0.33235 0.404255 0.351032 0.419729 0.356932 0.431335 0.350049 0.441973 0.331367 0.434236 0.315634 0.417795 0.311701
0 0.516441 0.3235 0.516441 0.337266 0.529014 0.354966 0.545455 0.353982 0.558027 0.343166 0.556093 0.327434 0.539652 0.309735 0.527079 0.310718
0 0.539652 0.608653 0.531915 0.623402 0.531915 0.633235 0.537718 0.647001 0.549323 0.647984 0.564797 0.636185 0.564797 0.614553 0.561896 0.60767 0.553191 0.602753
0 0.516441 0.669617 0.517408 0.681416 0.522244 0.686332 0.537718 0.687316 0.546422 0.678466 0.54352 0.665683 0.535783 0.660767 0.522244 0.662734
0 0.564797 0.6647 0.567698 0.681416 0.578337 0.686332 0.591876 0.682399 0.60058 0.669617 0.598646 0.66175 0.586074 0.646018 0.574468 0.647984
0 0.547389 0.706981 0.546422 0.715831 0.554159 0.725664 0.5706 0.726647 0.578337 0.716814 0.578337 0.709931 0.565764 0.695182 0.553191 0.698132
0 0.49323 0.717797 0.49323 0.732547 0.504836 0.743363 0.521277 0.74238 0.534816 0.734513 0.534816 0.717797 0.519342 0.703048 0.501934 0.704031
0 0.555126 0.778761 0.556093 0.797443 0.569632 0.816126 0.585106 0.818092 0.599613 0.810226 0.605416 0.789577 0.588975 0.768928 0.568665 0.766962
0 0.619923 0.710914 0.618956 0.726647 0.622824 0.735497 0.642166 0.752212 0.661509 0.751229 0.67795 0.73353 0.675048 0.713864 0.654739 0.698132 0.634429 0.698132 0.625725 0.702065
0 0.665377 0.669617 0.663443 0.681416 0.667311 0.697148 0.685687 0.712881 0.696325 0.713864 0.716634 0.691249 0.717602 0.678466 0.702128 0.657817 0.676015 0.659784
0 0.611219 0.633235 0.608317 0.644051 0.615087 0.659784 0.625725 0.6647 0.634429 0.6647 0.641199 0.659784 0.647969 0.641101 0.637331 0.625369 0.618956 0.625369
0 0.665377 0.629302 0.663443 0.641101 0.67118 0.647984 0.68472 0.646018 0.691489 0.633235 0.690522 0.626352 0.685687 0.622419 0.673114 0.623402
0 0.642166 0.600787 0.643133 0.612586 0.653772 0.618486 0.668279 0.608653 0.663443 0.594887 0.656673 0.591937 0.647002 0.593904
0 0.606383 0.590954 0.602515 0.599803 0.60735 0.60767 0.619923 0.611603 0.626692 0.606686 0.626692 0.593904 0.613153 0.588987
0 0.577369 0.619469 0.577369 0.630285 0.583172 0.634218 0.59381 0.631268 0.599613 0.622419 0.598646 0.615536 0.592843 0.609636 0.582205 0.611603
0 0.698259 0.525074 0.697292 0.536873 0.701161 0.542773 0.708897 0.547689 0.722437 0.544739 0.725338 0.53294 0.722437 0.521141 0.708897 0.518191
0 0.700193 0.571288 0.703095 0.589971 0.7147 0.59292 0.720503 0.588987 0.723404 0.576205 0.718569 0.569322 0.708897 0.566372
0 0.740812 0.584071 0.740812 0.597837 0.749516 0.605703 0.760155 0.603736 0.769826 0.594887 0.769826 0.581121 0.755319 0.571288 0.748549 0.571288
0 0.761122 0.544739 0.760155 0.558505 0.769826 0.570305 0.781431 0.570305 0.795938 0.557522 0.794004 0.543756 0.779497 0.531957 0.768859 0.53294
0 0.788201 0.510324 0.787234 0.518191 0.793037 0.529007 0.806576 0.536873 0.816248 0.534907 0.827853 0.518191 0.825919 0.507375 0.809478 0.496559 0.794971 0.500492
0 0.809478 0.462144 0.808511 0.477876 0.813346 0.487709 0.827853 0.492625 0.844294 0.487709 0.848162 0.469027 0.840426 0.456244 0.824952 0.453294
0 0.826886 0.428712 0.82882 0.441495 0.838491 0.446411 0.852031 0.446411 0.863636 0.435595 0.867505 0.422812 0.862669 0.413963 0.84236 0.411013
0 0.834623 0.369715 0.834623 0.390364 0.843327 0.400197 0.867505 0.399213 0.880077 0.388397 0.881044 0.363815 0.871373 0.352999 0.855899 0.352016
0 0.850097 0.320551 0.848162 0.3353 0.860735 0.342183 0.878143 0.339233 0.88588 0.321534 0.883946 0.310718 0.877176 0.302852 0.858801 0.305801
0 0.87234 0.271386 0.869439 0.278269 0.871373 0.292035 0.888781 0.294985 0.897485 0.282203 0.895551 0.26942 0.882012 0.26352
0 0.87911 0.237955 0.880077 0.249754 0.893617 0.252704 0.89942 0.249754 0.903288 0.233038 0.898453 0.226155 0.89265 0.226155
0 0.722437 0.480826 0.719536 0.502458 0.724371 0.508358 0.742747 0.511308 0.750484 0.505408 0.758221 0.489676 0.758221 0.483776 0.752418 0.477876 0.733075 0.469027
0 0.522244 0.202557 0.525145 0.230088 0.53675 0.241888 0.546422 0.242871 0.559961 0.237955 0.5706 0.227139 0.575435 0.216323 0.572534 0.198623 0.559961 0.183874 0.53675 0.185841 0.527079 0.192724
0 0.549323 0.289086 0.548356 0.303835 0.552224 0.313668 0.559961 0.321534 0.571567 0.321534 0.577369 0.317601 0.583172 0.306785 0.578337 0.289086 0.565764 0.283186 0.554159 0.284169
0 0.740812 0.176008 0.738878 0.186824 0.742747 0.195674 0.755319 0.204523 0.768859 0.207473 0.781431 0.20354 0.790135 0.195674 0.791103 0.173058 0.780464 0.159292 0.752418 0.163225
0 0.798839 0.079646 0.797872 0.0943953 0.806576 0.102262 0.818182 0.0983284 0.824952 0.0884956 0.823985 0.0786627 0.818182 0.072763
0 0.796905 0.0422812 0.795938 0.0511308 0.799807 0.0589971 0.819149 0.0501475 0.818182 0.0412979 0.812379 0.0353982 0.805609 0.0353982
0 0.801741 0.00393314 0.800774 0.0127827 0.806576 0.0226155 0.818182 0.0226155 0.824952 0.0176991 0.824952 0 0.802708 0
0 0.871373 0 0.841393 0 0.84236 0.0117994 0.848162 0.0196657 0.861702 0.020649 0.87234 0.00983284
0 0.836557 0.158309 0.834623 0.168142 0.837524 0.174041 0.856867 0.165192 0.852031 0.155359
0 0.797872 0.146509 0.796905 0.155359 0.802708 0.165192 0.813346 0.167158 0.821083 0.162242 0.823017 0.153392 0.819149 0.143559 0.806576 0.142576
0 0.767892 0.378564 0.767892 0.39233 0.774662 0.396264 0.7853 0.39528 0.794971 0.387414 0.79207 0.373648 0.786267 0.368732 0.77176 0.369715
0 0.765957 0.419862 0.767892 0.430678 0.781431 0.439528 0.791103 0.426745 0.789168 0.414946 0.780464 0.410029 0.770793 0.411996
0 0.767892 0.463127 0.768859 0.483776 0.77853 0.489676 0.7853 0.488692 0.791103 0.476893 0.789168 0.46116 0.77853 0.456244
0 0.735977 0.356932 0.73501 0.362832 0.739845 0.369715 0.745648 0.372665 0.754352 0.369715 0.756286 0.361849 0.750484 0.352999 0.742747 0.352016
0 0.763056 0.331367 0.764023 0.350049 0.781431 0.352016 0.784333 0.346116 0.783366 0.330383 0.77176 0.324484
0 0.798839 0.436578 0.796905 0.446411 0.799807 0.448378 0.814313 0.443461 0.810445 0.430678
0 0.805609 0.40118 0.805609 0.414946 0.810445 0.417896 0.816248 0.414946 0.821083 0.408063 0.820116 0.40118
0 0.812379 0.365782 0.811412 0.379548 0.818182 0.382498 0.82205 0.364798
0 0.668279 0.519174 0.666344 0.52409 0.670213 0.531957 0.674081 0.534907 0.680851 0.53294 0.681818 0.523107 0.676015 0.518191
0 0.482592 0.763029 0.481625 0.770895 0.489362 0.776794 0.5 0.765978 0.498066 0.758112 0.494197 0.756146 0.484526 0.758112
0 0.545455 0.745329 0.544487 0.755162 0.554159 0.757129 0.558027 0.744346 0.55029 0.73943
0 0.423598 0.804326 0.423598 0.816126 0.43617 0.818092 0.437137 0.803343 0.428433 0.800393
0 0.302708 0.778761 0.300774 0.791544 0.304642 0.80826 0.309478 0.814159 0.331721 0.816126 0.341393 0.810226 0.343327 0.79056 0.333656 0.774828 0.311412 0.773845
0 0.249516 0.79056 0.244681 0.79646 0.244681 0.80826 0.257253 0.825959 0.26499 0.829892 0.27853 0.829892 0.288201 0.824975 0.293037 0.817109 0.294004 0.80236 0.281431 0.781711 0.262089 0.780728
0 0.181818 0.797443 0.181818 0.809243 0.199226 0.824975 0.205996 0.823992 0.227273 0.806293 0.223404 0.789577 0.210832 0.782694 0.195358 0.780728
0 0.529014 0.80531 0.527079 0.819076 0.532882 0.832842 0.540619 0.837758 0.553191 0.833825 0.559961 0.820059 0.551257 0.806293 0.545455 0.80236
0 0.494197 0.820059 0.49323 0.827925 0.504836 0.848574 0.521277 0.846608 0.524178 0.837758 0.514507 0.819076 0.499033 0.816126
0 0.500967 0.79351 0.5 0.79941 0.504836 0.803343 0.51354 0.800393 0.512573 0.791544
0 0.475822 0.797443 0.475822 0.80826 0.484526 0.810226 0.483559 0.797443
0 0.437137 0.762045 0.437137 0.773845 0.441006 0.780728 0.445841 0.785644 0.455513 0.785644 0.462282 0.775811 0.460348 0.760079 0.450677 0.754179
0 0.597679 0.696165 0.599613 0.708948 0.606383 0.707965 0.609284 0.703048 0.60735 0.699115
0 0.594778 0.726647 0.596712 0.737463 0.604449 0.737463 0.605416 0.726647
0 0.679884 0.549656 0.676983 0.560472 0.682785 0.563422 0.691489 0.556539 0.692456 0.549656 0.688588 0.546706
0 0.731141 0.556539 0.730174 0.560472 0.735977 0.563422 0.745648 0.559489 0.740812 0.549656
0 0.766925 0.501475 0.764023 0.511308 0.769826 0.515241 0.773694 0.504425
0 0.893617 0.153392 0.891683 0.166175 0.89942 0.176008 0.909091 0.176991 0.920696 0.168142 0.920696 0.153392 0.915861 0.145526 0.904255 0.145526
0 0.83559 0.12586 0.836557 0.139626 0.840426 0.142576 0.847195 0.14061 0.852031 0.133727 0.852998 0.122911 0.845261 0.120944
0 0.858801 0.0973451 0.860735 0.110128 0.876209 0.112094 0.880077 0.102262 0.876209 0.093412 0.866538 0.0914454
0 0.813346 0.114061 0.811412 0.123894 0.820116 0.126844 0.823017 0.122911 0.820116 0.113078
0 0.797872 0.314651 0.795938 0.318584 0.802708 0.334317 0.811412 0.333333 0.814313 0.317601 0.808511 0.313668
0 0.82205 0.3412 0.821083 0.348083 0.826886 0.352999 0.839458 0.345133 0.838491 0.339233 0.833656 0.336283
0 0.807544 0.294002 0.805609 0.299902 0.808511 0.303835 0.821083 0.302852 0.817215 0.293019 0.812379 0.291052
0 0.839458 0.279253 0.837524 0.291052 0.841393 0.296952 0.855899 0.289086 0.852031 0.27532
0 0.852031 0.224189 0.848162 0.228122 0.84913 0.236971 0.857834 0.238938 0.864603 0.232055 0.863636 0.225172 0.858801 0.222222
0 0.601547 0.756146 0.601547 0.771878 0.615087 0.782694 0.626692 0.781711 0.637331 0.767945 0.634429 0.760079 0.617021 0.748279 0.611219 0.748279
0 0.886847 0.117994 0.884913 0.129794 0.893617 0.13766 0.907157 0.136676 0.915861 0.12881 0.914894 0.118977 0.907157 0.106195 0.891683 0.108161
0 0.841897 0.079236 0.837461 0.0820423 0.841686 0.0899902 0.850767 0.092353 0.852456 0.0882714 0.8514 0.0820423 0.847177 0.0790354
0 0.860113 0.032532 0.865762 0.0329931 0.867241 0.0385782 0.865129 0.045881 0.857314 0.0456667 0.855202 0.0407257 0.856258 0.0338525
0 0.834769 0.0260895 0.830703 0.0312753 0.83366 0.0394376 0.842953 0.0383638 0.842953 0.0306303
0 0.613153 0.675516 0.613153 0.677483 0.612186 0.678466 0.612186 0.683382 0.61412 0.686332 0.616054 0.687316 0.62089 0.687316 0.621857 0.686332 0.625725 0.685349 0.626692 0.681416 0.624758 0.677483 0.62089 0.67355 0.618956 0.672566 0.616054 0.672566
0 0.638298 0.6765 0.637331 0.681416 0.639265 0.683382 0.647002 0.684366 0.648936 0.682399 0.648936 0.6765 0.647002 0.674533 0.647002 0.67355 0.639265 0.674533
0 0.144101 0.94002 0.143133 0.941986 0.144101 0.949853 0.145068 0.950836 0.146035 0.956735 0.148936 0.959685 0.158607 0.963618 0.168279 0.963618 0.175048 0.959685 0.175048 0.954769 0.176015 0.953786 0.176015 0.947886 0.176983 0.946903 0.176983 0.944936 0.173114 0.93707 0.170213 0.936087 0.168279 0.93412 0.162476 0.93412 0.161509 0.933137 0.158607 0.933137 0.15764 0.93412 0.154739 0.93412 0.153772 0.935103 0.147969 0.936087 0.147002 0.938053
0 0.199226 0.910521 0.198259 0.911504 0.198259 0.918387 0.200193 0.921337 0.204062 0.922321 0.20793 0.920354 0.209865 0.918387 0.208897 0.911504 0.206963 0.909538 0.201161 0.909538
0 0.0464217 0.903638 0.0464217 0.905605 0.0454545 0.906588 0.0454545 0.913471 0.0464217 0.914454 0.0464217 0.917404 0.0502901 0.922321 0.0512573 0.922321 0.0551257 0.92527 0.0580271 0.92527 0.0618956 0.922321 0.0618956 0.918387 0.0609284 0.917404 0.0609284 0.914454 0.0589942 0.911504 0.0589942 0.908555 0.0580271 0.906588 0.0560928 0.904621 0.0502901 0.901672
0 0.000967118 0.876106 0 0.876106 0 0.890855 0.000967118 0.890855 0.00580271 0.885939 0.00676983 0.883972 0.00580271 0.881023
0 0.0551257 0.882989 0.0541586 0.889872 0.05706 0.891839 0.0618956 0.891839 0.0638298 0.890855 0.0667311 0.886922 0.0667311 0.882989 0.0638298 0.879056 0.0599613 0.879056
0 0.482592 0.313668 0.482592 0.33235 0.487427 0.340216 0.504836 0.334317 0.508704 0.324484 0.508704 0.308751 0.504836 0.302852 0.494197 0.299902
0 0.847244 0.185606 0.841501 0.190181 0.844584 0.19614 0.854144 0.196923 0.857998 0.193003 0.854606 0.18579
0 0.835487 0.204418 0.833483 0.209571 0.8378 0.218823 0.84443 0.21945 0.847514 0.212551 0.84921 0.205495 0.842734 0.204554
0 0.832789 0.310035 0.828395 0.314758 0.830091 0.321814 0.834253 0.325735 0.840267 0.322755 0.842734 0.314131 0.839805 0.309113
0 0.523211 0.764012 0.525145 0.774828 0.539652 0.783677 0.539652 0.766962 0.529981 0.760079
0 0.835014 0.100146 0.830691 0.108618 0.835371 0.112848 0.84486 0.108353 0.84473 0.103858 0.838881 0.0984376
0 0.860929 0.251159 0.854636 0.257809 0.862817 0.263249 0.868323 0.260529 0.869267 0.25397
0 0.831825 0.247161 0.823015 0.256529 0.826162 0.264369 0.83623 0.266129 0.845669 0.252689 0.83686 0.244529
0 0.823566 0.274352 0.819554 0.277969 0.825375 0.283568 0.828993 0.278928 0.827421 0.274769
0 0.577558 0.736804 0.574451 0.742057 0.580272 0.750857 0.587193 0.752138 0.588453 0.741898
0 0.708897 0.394297 0.70793 0.40413 0.712766 0.416912 0.727273 0.426745 0.741779 0.425762 0.753385 0.416912 0.758221 0.408063 0.758221 0.39233 0.741779 0.380531 0.72147 0.382498
0 0.741779 0.442478 0.743714 0.454277 0.750484 0.459194 0.763056 0.438545 0.757253 0.434612
0 0.685838 0.597484 0.678211 0.60083 0.682532 0.611485 0.693925 0.613748 0.701912 0.605358 0.693925 0.597767
0 0.875876 0.169949 0.868085 0.176624 0.872799 0.187279 0.880132 0.187546 0.885763 0.176492 0.881835 0.171697
0 0.871293 0.122685 0.866383 0.126854 0.86874 0.134179 0.875549 0.136576 0.879478 0.127654
0 0.763056 0.0688299 0.762089 0.0707965 0.763056 0.0717797 0.763056 0.0737463 0.76499 0.0757129 0.775629 0.0757129 0.776596 0.0747296 0.77853 0.0747296 0.781431 0.0707965 0.781431 0.0678466 0.780464 0.06588 0.779497 0.06588 0.777563 0.0639135 0.768859 0.0648968 0.76499 0.0668633
0 0.805609 0.182891 0.803675 0.196657 0.810445 0.201573 0.824952 0.198623 0.826886 0.181908 0.823985 0.178958 0.811412 0.176991
