0 0.200761 0.834539 0.184586 0.844485 0.176023 0.874322 0.176974 0.884268 0.192198 0.892405 0.208373 0.889693 0.216936 0.880651 0.221694 0.866184 0.220742 0.851718 0.20647 0.834539
0 0.248811 0.864376 0.239772 0.86528 0.234063 0.869801 0.229305 0.884268 0.230257 0.900542 0.239772 0.910488 0.26451 0.911392 0.275928 0.904159 0.276879 0.878843 0.268316 0.869801 0.254044 0.864376
0 0.251189 0.811935 0.226451 0.815552 0.221694 0.820976 0.221694 0.827306 0.224548 0.837251 0.233111 0.84991 0.239772 0.853526 0.254995 0.855335 0.269267 0.849005 0.274025 0.833635 0.265461 0.818264 0.261656 0.814647 0.252141 0.812839
0 0.251189 0.748644 0.241675 0.753165 0.224548 0.771248 0.220742 0.79566 0.2255 0.801085 0.259753 0.797468 0.276879 0.781193 0.279734 0.773056 0.276879 0.76311 0.25785 0.748644
0 0.295909 0.786618 0.284491 0.791139 0.276879 0.798373 0.274976 0.80651 0.282588 0.820976 0.292103 0.825497 0.312084 0.823689 0.316841 0.820976 0.325404 0.80651 0.319696 0.790235 0.300666 0.786618
0 0.316524 0.739602 0.304472 0.739602 0.295909 0.74774 0.2902 0.759494 0.2902 0.766727 0.298763 0.775769 0.321598 0.776673 0.32921 0.770344 0.333016 0.762206 0.332065 0.74774 0.32255 0.739602
0 0.319696 0.705244 0.312084 0.712477 0.310181 0.726944 0.313987 0.732369 0.323501 0.73689 0.333968 0.719711 0.332065 0.708861 0.328259 0.705244
0 0.368221 0.698915 0.3549 0.701627 0.34824 0.706148 0.343482 0.716998 0.341579 0.733273 0.34824 0.762206 0.357755 0.765823 0.362512 0.771248 0.379638 0.764919 0.38725 0.757685 0.399619 0.723327 0.397716 0.712477 0.392959 0.707957 0.370124 0.698915
0 0.276879 0.686257 0.269267 0.688065 0.259753 0.696203 0.252141 0.712477 0.254044 0.731465 0.269267 0.74141 0.279734 0.74141 0.293054 0.734177 0.300666 0.716998 0.300666 0.705244 0.295909 0.694394 0.2902 0.688969 0.279734 0.686257
0 0.235014 0.65642 0.215985 0.661844 0.208373 0.673599 0.210276 0.691682 0.223597 0.701627 0.241675 0.698915 0.254044 0.685353 0.253092 0.669078 0.248335 0.66094 0.239772 0.65642
0 0.218839 0.710669 0.20647 0.723327 0.205519 0.735986 0.210276 0.745027 0.219791 0.751356 0.227402 0.749548 0.239772 0.738698 0.23882 0.716998 0.234063 0.711573 0.227402 0.710669
0 0.187441 0.689873 0.177926 0.691682 0.170314 0.701627 0.172217 0.714286 0.182683 0.721519 0.195052 0.719711 0.19981 0.710669 0.19981 0.698011 0.193149 0.689873
0 0.156042 0.720615 0.144624 0.726944 0.139867 0.744123 0.145576 0.755877 0.161751 0.761302 0.172217 0.756781 0.175071 0.739602 0.172217 0.729656 0.159848 0.720615
0 0.196004 0.753165 0.187441 0.75859 0.184586 0.765823 0.185538 0.777577 0.191246 0.780289 0.200761 0.779385 0.207422 0.768535 0.20647 0.75859 0.196955 0.754069
0 0.14843 0.771248 0.14177 0.772152 0.133206 0.782098 0.136061 0.800181 0.149382 0.80651 0.16746 0.804702 0.173168 0.800181 0.169363 0.782098 0.163654 0.774864 0.153187 0.771248
0 0.156042 0.81736 0.147479 0.820072 0.139867 0.827306 0.136061 0.835443 0.136061 0.844485 0.138915 0.848101 0.154139 0.846293 0.160799 0.84991 0.165557 0.849005 0.171265 0.842676 0.176023 0.832731 0.176023 0.824593 0.171265 0.820072 0.157945 0.81736
0 0.369172 0.825497 0.358706 0.826401 0.349191 0.831826 0.344434 0.840868 0.344434 0.861664 0.351094 0.87613 0.355852 0.879747 0.368221 0.885172 0.382493 0.886076 0.38725 0.884268 0.396765 0.872514 0.399619 0.844485 0.395814 0.841772 0.397716 0.837251 0.393911 0.833635 0.37393 0.825497
0 0.208373 0.902351 0.192198 0.905967 0.182683 0.918626 0.182683 0.934901 0.197907 0.94575 0.209324 0.946655 0.214082 0.943942 0.224548 0.926763 0.2255 0.914105 0.21313 0.902351
0 0.251189 0.922242 0.244529 0.924051 0.237869 0.93038 0.240723 0.943942 0.251189 0.951175 0.267364 0.94575 0.269267 0.942134 0.269267 0.93038 0.259753 0.922242
0 0.277831 0.955696 0.26451 0.962929 0.263559 0.977396 0.269267 0.985533 0.283539 0.990054 0.294006 0.984629 0.295909 0.973779 0.2902 0.960217 0.279734 0.955696
0 0.228354 0.95208 0.21313 0.960217 0.211227 0.975588 0.216936 0.986438 0.233111 0.990958 0.246432 0.983725 0.250238 0.971971 0.24548 0.957505 0.230257 0.95208
0 0.188392 0.9566 0.177926 0.961121 0.16746 0.971971 0.170314 0.985533 0.181732 0.991863 0.192198 0.988246 0.200761 0.976492 0.197907 0.962929 0.189343 0.9566
0 0.139867 0.969259 0.130352 0.979204 0.131304 0.993671 0.134158 0.999096 0.14843 0.999096 0.15509 0.990958 0.156042 0.9783 0.152236 0.971971 0.140818 0.969259
0 0.143673 0.921338 0.136061 0.931284 0.136061 0.947559 0.143673 0.957505 0.158896 0.959313 0.166508 0.954792 0.170314 0.946655 0.170314 0.937613 0.164605 0.928571 0.147479 0.921338
0 0.162702 0.895118 0.154139 0.903255 0.15509 0.909584 0.160799 0.914105 0.170314 0.913201 0.175071 0.907776 0.175071 0.903255 0.168411 0.895118
0 0.148906 0.861664 0.137964 0.864376 0.131304 0.874322 0.132255 0.885172 0.140818 0.894213 0.15509 0.887884 0.159848 0.878843 0.160799 0.869801 0.154139 0.861664
0 0.111323 0.886076 0.104662 0.887884 0.0989534 0.896926 0.101808 0.904159 0.111323 0.906872 0.120837 0.904159 0.12274 0.900542 0.120837 0.891501 0.115128 0.886076
0 0.110371 0.918626 0.101808 0.925859 0.0999049 0.935805 0.111323 0.94123 0.118934 0.939421 0.123692 0.932188 0.12274 0.922242 0.117983 0.918626
0 0.0808754 0.939421 0.0732636 0.94123 0.0637488 0.950271 0.0647003 0.962929 0.0685062 0.968354 0.0827783 0.966546 0.0894386 0.960217 0.0903901 0.944846 0.0818268 0.939421
0 0.0599429 0.904159 0.0437678 0.906872 0.036156 0.910488 0.0313987 0.917722 0.0294957 0.928571 0.0399619 0.943038 0.0589914 0.94123 0.0656518 0.935805 0.0675547 0.914105 0.0656518 0.907776 0.0618459 0.905967
0 0.0447193 0.863472 0.0342531 0.868897 0.0285442 0.882459 0.0313987 0.891501 0.0390105 0.89783 0.0542341 0.895118 0.0589914 0.886076 0.0608944 0.870705 0.0504282 0.863472
0 0.0428164 0.949367 0.0390105 0.951175 0.0371075 0.9566 0.0418649 0.969259 0.0466223 0.973779 0.0532826 0.971067 0.056137 0.964738 0.0551855 0.953888 0.0494767 0.949367
0 0.0970504 0.769439 0.0913416 0.774864 0.0865842 0.792948 0.094196 0.801085 0.104662 0.802893 0.117983 0.796564 0.118934 0.782098 0.114177 0.77396 0.102759 0.769439
0 0.0666032 0.760398 0.0618459 0.762206 0.0542341 0.772152 0.0532826 0.782098 0.0570885 0.785714 0.0713606 0.787523 0.076118 0.783002 0.0808754 0.769439 0.0751665 0.762206 0.0675547 0.760398
0 0.0808754 0.726944 0.0704091 0.734177 0.0694577 0.745027 0.076118 0.757685 0.0894386 0.761302 0.101808 0.754069 0.104662 0.740506 0.100856 0.732369 0.0884872 0.726944
0 0.121789 0.746835 0.115128 0.751356 0.114177 0.75859 0.12274 0.765823 0.129401 0.764919 0.134158 0.75859 0.127498 0.746835
0 0.108468 0.834539 0.0951475 0.841772 0.0913416 0.849005 0.0913416 0.858951 0.0980019 0.868897 0.115128 0.870705 0.124643 0.86528 0.128449 0.851718 0.124643 0.838156 0.112274 0.834539
0 0.0903901 0.660036 0.0808754 0.667269 0.0770695 0.685353 0.0865842 0.698011 0.0951475 0.702532 0.103711 0.702532 0.112274 0.698011 0.11608 0.679024 0.113225 0.669982 0.0980019 0.660036
0 0.0808754 0.705244 0.0770695 0.706148 0.0770695 0.718807 0.0865842 0.723327 0.096099 0.721519 0.0989534 0.712477 0.0837298 0.705244
0 0.239772 0.610307 0.223597 0.614828 0.217888 0.626582 0.221694 0.642857 0.236917 0.648282 0.252141 0.644665 0.258801 0.632007 0.255947 0.617541 0.24548 0.610307
0 0.279734 0.583183 0.267364 0.587703 0.260704 0.599458 0.260704 0.608499 0.267364 0.619349 0.275928 0.619349 0.276879 0.615732 0.289248 0.61302 0.295909 0.606691 0.298763 0.592224 0.283539 0.583183
0 0.196955 0.637432 0.191246 0.641953 0.191246 0.652803 0.196955 0.658228 0.202664 0.658228 0.21313 0.650995 0.211227 0.640145 0.203616 0.637432
0 0.187441 0.661844 0.18078 0.667269 0.18078 0.673599 0.185538 0.678119 0.191246 0.677215 0.196004 0.67179 0.195052 0.665461 0.189343 0.661844
0 0.160799 0.669982 0.156042 0.674503 0.156042 0.68264 0.159848 0.686257 0.164605 0.686257 0.170314 0.681736 0.169363 0.674503 0.164605 0.669982
0 0.162702 0.631103 0.154139 0.641953 0.15509 0.653707 0.160799 0.659132 0.171265 0.657324 0.177926 0.648282 0.176974 0.640145 0.168411 0.631103
0 0.105138 0.632911 0.094196 0.636528 0.0932445 0.648282 0.101808 0.655515 0.11608 0.659132 0.121789 0.654611 0.123692 0.642857 0.117983 0.63472 0.110371 0.632911
0 0.112274 0.60217 0.100856 0.613924 0.101808 0.625678 0.112274 0.624774 0.119886 0.627486 0.128449 0.622966 0.131304 0.616637 0.130352 0.609403 0.118934 0.60217
0 0.128449 0.570524 0.119886 0.575045 0.115128 0.582278 0.113225 0.592224 0.11608 0.596745 0.131304 0.596745 0.138915 0.588608 0.138915 0.582278 0.129401 0.570524
0 0.153187 0.535262 0.145576 0.539783 0.135109 0.55425 0.135109 0.562387 0.14177 0.576854 0.147479 0.582278 0.159848 0.58047 0.166508 0.568716 0.178877 0.556962 0.176974 0.544304 0.160799 0.535262
0 0.159848 0.590416 0.139867 0.605787 0.14177 0.61302 0.156042 0.621157 0.163654 0.619349 0.168411 0.61302 0.170314 0.597649 0.164605 0.590416
0 0.192198 0.60217 0.179829 0.612116 0.178877 0.622966 0.182683 0.627486 0.196955 0.625678 0.204567 0.618445 0.203616 0.610307 0.193149 0.603074
0 0.192198 0.566004 0.185538 0.56962 0.178877 0.581374 0.177926 0.588608 0.181732 0.592224 0.191246 0.590416 0.197907 0.584087 0.198858 0.574141 0.194101 0.567812
0 0.202664 0.530741 0.187441 0.542495 0.188392 0.553345 0.19981 0.556058 0.211227 0.549729 0.21313 0.537071 0.203616 0.531646
0 0.176974 0.497288 0.171265 0.5 0.157945 0.515371 0.159848 0.527125 0.170314 0.53255 0.184586 0.531646 0.194101 0.519892 0.194101 0.507233 0.182683 0.497288
0 0.257374 0.555154 0.247383 0.55877 0.248335 0.571429 0.254044 0.579566 0.265461 0.579566 0.274025 0.571429 0.273073 0.563291 0.262607 0.555154
0 0.240723 0.584087 0.235014 0.59132 0.235966 0.598553 0.244529 0.601266 0.248335 0.599458 0.250238 0.590416 0.241675 0.584087
0 0.212179 0.585895 0.207422 0.589512 0.20647 0.598553 0.215033 0.603074 0.223597 0.60217 0.221694 0.589512 0.215985 0.585895
0 0.219791 0.557866 0.215985 0.560579 0.215985 0.566004 0.227402 0.577758 0.23216 0.575045 0.233111 0.566908 0.2255 0.557866
0 0.233111 0.529837 0.224548 0.535262 0.223597 0.541591 0.227402 0.54792 0.23882 0.550633 0.244529 0.547016 0.24548 0.539783 0.236917 0.529837
0 0.214082 0.5 0.20647 0.508137 0.20647 0.518083 0.212179 0.523508 0.219791 0.523508 0.227402 0.517179 0.226451 0.504521 0.220742 0.5
0 0.198858 0.468354 0.188392 0.476492 0.185538 0.486438 0.189343 0.492767 0.198858 0.498192 0.210276 0.493671 0.215033 0.484629 0.211227 0.475588 0.19981 0.469259
0 0.381066 0.568716 0.371075 0.56962 0.350143 0.577758 0.340628 0.587703 0.337774 0.612116 0.342531 0.620253 0.3549 0.629295 0.372027 0.632911 0.390105 0.630199 0.405328 0.608499 0.404377 0.587703 0.400571 0.577758 0.395814 0.572333 0.386299 0.568716
0 0.3549 0.504521 0.338725 0.51085 0.32255 0.537975 0.324453 0.549729 0.32921 0.556962 0.337774 0.562387 0.376784 0.559675 0.388202 0.5434 0.38725 0.524412 0.381541 0.514467 0.355852 0.504521
0 0.341579 0.473779 0.330162 0.481013 0.328259 0.491863 0.338725 0.5 0.347288 0.500904 0.357755 0.496383 0.362512 0.48915 0.356803 0.479204 0.345385 0.473779
0 0.316841 0.5 0.305423 0.508137 0.305423 0.515371 0.312084 0.5217 0.320647 0.518987 0.325404 0.511754 0.324453 0.503617 0.317793 0.500904
0 0.281637 0.500904 0.274976 0.507233 0.274976 0.514467 0.279734 0.520796 0.2902 0.520796 0.294957 0.515371 0.294006 0.508137 0.283539 0.500904
0 0.293054 0.462929 0.282588 0.472875 0.284491 0.484629 0.293054 0.491863 0.310181 0.485533 0.313987 0.477396 0.312084 0.469259 0.301618 0.462929
0 0.259753 0.480108 0.255947 0.482821 0.25785 0.490958 0.268316 0.495479 0.273073 0.491863 0.273073 0.485533 0.26451 0.480108
0 0.233111 0.474684 0.223597 0.481013 0.223597 0.48915 0.230257 0.493671 0.237869 0.492767 0.244529 0.487342 0.24548 0.479204 0.241675 0.474684
0 0.24548 0.500904 0.239772 0.504521 0.23882 0.513562 0.250238 0.522604 0.25785 0.519892 0.259753 0.516275 0.258801 0.505425 0.253092 0.500904
0 0.220742 0.432188 0.203616 0.443038 0.200761 0.458409 0.20647 0.466546 0.217888 0.471067 0.223597 0.471067 0.236917 0.463834 0.240723 0.45208 0.239772 0.442134 0.223597 0.432188
0 0.259753 0.443942 0.250238 0.449367 0.246432 0.458409 0.247383 0.466546 0.254995 0.471067 0.26451 0.468354 0.273073 0.460217 0.273073 0.450271 0.26451 0.443942
0 0.076118 0.87613 0.0713606 0.879747 0.0685062 0.889693 0.0685062 0.895118 0.0732636 0.899638 0.0789724 0.898734 0.0875357 0.887884 0.0884872 0.879747 0.0827783 0.87613
0 0.251189 0.398734 0.239772 0.404159 0.230257 0.417722 0.23216 0.424955 0.247383 0.434901 0.25785 0.433092 0.266413 0.418626 0.266413 0.40868 0.258801 0.398734
0 0.293054 0.371609 0.277831 0.375226 0.267364 0.386076 0.266413 0.394213 0.269267 0.401447 0.278782 0.410488 0.295909 0.40868 0.310181 0.394213 0.310181 0.381555 0.300666 0.373418 0.294006 0.372514
0 0.353949 0.403255 0.345385 0.405967 0.339676 0.411392 0.335871 0.416817 0.335871 0.424051 0.347288 0.436709 0.363463 0.439421 0.371075 0.436709 0.375833 0.427667 0.372978 0.415913 0.367269 0.407776 0.359657 0.403255
0 0.326356 0.436709 0.319696 0.439421 0.313987 0.448463 0.313987 0.457505 0.320647 0.463834 0.334919 0.463834 0.343482 0.454792 0.338725 0.443942 0.32921 0.436709
0 0.360609 0.449367 0.3549 0.452984 0.355852 0.463834 0.367269 0.471067 0.374881 0.471067 0.379638 0.466546 0.379638 0.459313 0.368221 0.449367
0 0.294957 0.437613 0.284491 0.443942 0.283539 0.449367 0.286394 0.452984 0.298763 0.451175 0.301618 0.444846 0.299715 0.437613
0 0.277831 0.41953 0.27117 0.434901 0.277831 0.437613 0.287345 0.427667 0.287345 0.421338 0.284491 0.41953
0 0.388202 0.380651 0.377735 0.38698 0.375833 0.401447 0.382493 0.410488 0.396765 0.412297 0.40628 0.40868 0.410086 0.398734 0.405328 0.385172 0.392959 0.380651
0 0.323501 0.387884 0.317793 0.396022 0.318744 0.401447 0.32255 0.404159 0.331113 0.403255 0.338725 0.39783 0.336822 0.390597 0.330162 0.387884
0 0.353949 0.340868 0.345385 0.341772 0.336822 0.351718 0.338725 0.358047 0.34824 0.364376 0.359657 0.362568 0.364415 0.352622 0.362512 0.345389 0.3549 0.340868
0 0.375833 0.350814 0.371075 0.35443 0.368221 0.362568 0.369172 0.368897 0.374881 0.372514 0.384396 0.370705 0.389153 0.363472 0.38725 0.355335 0.38059 0.350814
0 0.378687 0.303797 0.372978 0.305606 0.357755 0.323689 0.360609 0.331826 0.371075 0.339964 0.382493 0.338156 0.392008 0.323689 0.390105 0.311031 0.379638 0.303797
0 0.411037 0.321881 0.403425 0.324593 0.399619 0.331826 0.396765 0.346293 0.400571 0.353526 0.407231 0.353526 0.421503 0.345389 0.421503 0.330922 0.413892 0.321881
0 0.467174 0.350814 0.455756 0.355335 0.450048 0.367993 0.452902 0.381555 0.463368 0.391501 0.479543 0.390597 0.487155 0.379747 0.488107 0.358951 0.486204 0.355335 0.475737 0.350814
0 0.424358 0.360759 0.414843 0.364376 0.411989 0.368897 0.41294 0.378843 0.424358 0.386076 0.431018 0.385172 0.436727 0.377939 0.435775 0.367089 0.429115 0.360759
0 0.436727 0.392405 0.429115 0.398734 0.425309 0.406872 0.428164 0.416817 0.434824 0.420434 0.439581 0.41953 0.44529 0.409584 0.442436 0.392405
0 0.455756 0.416817 0.449096 0.418626 0.44529 0.423146 0.444339 0.439421 0.448145 0.447559 0.458611 0.453888 0.476689 0.450271 0.483349 0.434901 0.480495 0.424955 0.472883 0.417722 0.456708 0.416817
0 0.541389 0.340868 0.52236 0.344485 0.514748 0.353526 0.511893 0.369801 0.518554 0.383363 0.530923 0.384268 0.543292 0.379747 0.549952 0.373418 0.553758 0.36528 0.553758 0.351718 0.551855 0.344485 0.547098 0.340868
0 0.591342 0.333635 0.578497 0.336347 0.564225 0.353526 0.564225 0.366184 0.573739 0.377034 0.591817 0.371609 0.602284 0.359855 0.607041 0.344485 0.605138 0.33906 0.596575 0.333635
0 0.632731 0.352622 0.61941 0.357143 0.598478 0.37613 0.590866 0.399638 0.599429 0.416817 0.606089 0.418626 0.613701 0.427667 0.627022 0.43038 0.648906 0.424955 0.657469 0.413201 0.662226 0.413201 0.668887 0.388788 0.663178 0.364376 0.650809 0.355335 0.635585 0.352622
0 0.588963 0.421338 0.584206 0.421338 0.574691 0.427667 0.566127 0.443942 0.569933 0.463834 0.577545 0.471971 0.582303 0.472875 0.591817 0.471067 0.614653 0.449367 0.613701 0.433996 0.59372 0.421338
0 0.628925 0.4566 0.61941 0.461121 0.599429 0.4783 0.598478 0.490958 0.602284 0.5 0.607041 0.503617 0.61275 0.505425 0.625119 0.502712 0.6451 0.491863 0.652712 0.483725 0.653663 0.476492 0.648906 0.46745 0.631779 0.4566
0 0.679353 0.413201 0.674596 0.413201 0.648906 0.427667 0.644148 0.436709 0.643197 0.44575 0.648906 0.454792 0.656518 0.462929 0.667935 0.468354 0.689819 0.458409 0.70314 0.443038 0.70314 0.427667 0.697431 0.41953 0.68411 0.413201
0 0.545195 0.60217 0.526166 0.605787 0.513796 0.618445 0.509039 0.632007 0.515699 0.646474 0.530923 0.651899 0.544244 0.651899 0.55471 0.642857 0.562322 0.624774 0.562322 0.614828 0.560419 0.608499 0.549952 0.60217
0 0.617507 0.528029 0.600381 0.531646 0.58706 0.548825 0.58706 0.571429 0.597526 0.581374 0.627022 0.575949 0.641294 0.560579 0.643197 0.548825 0.639391 0.538879 0.623216 0.528029
0 0.664129 0.495479 0.654615 0.5 0.65176 0.506329 0.65176 0.5217 0.657469 0.539783 0.67745 0.533454 0.683159 0.526221 0.687916 0.511754 0.680304 0.5 0.666984 0.495479
0 0.528069 0.525316 0.506185 0.529837 0.501427 0.533454 0.493815 0.55877 0.495718 0.572333 0.505233 0.584991 0.518554 0.59132 0.539486 0.592224 0.552807 0.589512 0.562322 0.581374 0.564225 0.575045 0.563273 0.553345 0.549001 0.533454 0.530923 0.525316
0 0.469077 0.516275 0.455756 0.5217 0.448145 0.528933 0.44529 0.538879 0.448145 0.559675 0.462417 0.565099 0.476689 0.564195 0.485252 0.557866 0.489058 0.546112 0.490961 0.528933 0.481446 0.518987 0.472883 0.516275
0 0.541389 0.294756 0.528069 0.301085 0.520457 0.320976 0.524263 0.330018 0.530923 0.333635 0.546147 0.332731 0.556613 0.323689 0.557564 0.302893 0.549001 0.294756
0 0.497621 0.285714 0.49001 0.288427 0.483349 0.299277 0.487155 0.312839 0.493815 0.318264 0.502379 0.318264 0.512845 0.304702 0.512845 0.292043 0.505233 0.285714
0 0.46432 0.310127 0.456708 0.313743 0.451951 0.323689 0.451951 0.333635 0.458611 0.339964 0.473834 0.33906 0.481446 0.331826 0.47764 0.316456 0.467174 0.310127
0 0.411037 0.269439 0.396765 0.272152 0.38725 0.282098 0.386299 0.292948 0.403425 0.310127 0.420552 0.30651 0.430067 0.292948 0.425309 0.275769 0.411989 0.270344
0 0.461465 0.278481 0.453853 0.291139 0.454805 0.296564 0.458611 0.298373 0.467174 0.297468 0.472883 0.291139 0.471931 0.283002 0.466223 0.278481
0 0.447193 0.238698 0.440533 0.242315 0.432921 0.254973 0.435775 0.267631 0.441484 0.271248 0.454805 0.270344 0.463368 0.26311 0.462417 0.251356 0.449096 0.238698
0 0.43863 0.339964 0.433873 0.342676 0.434824 0.350814 0.444339 0.348101 0.444339 0.341772 0.439581 0.340868
0 0.478592 0.210669 0.468126 0.21519 0.455756 0.226944 0.459562 0.238698 0.469077 0.245931 0.481446 0.242315 0.487155 0.234177 0.49001 0.218807 0.481446 0.210669
0 0.486204 0.25226 0.476689 0.257685 0.47098 0.264919 0.47098 0.269439 0.476689 0.275769 0.486204 0.275769 0.497621 0.268535 0.499524 0.264919 0.49001 0.25226
0 0.43863 0.296564 0.435775 0.302893 0.43863 0.308318 0.447193 0.303797 0.443387 0.296564
0 0.535205 0.250452 0.52236 0.254973 0.512845 0.268535 0.516651 0.280289 0.525214 0.285714 0.542341 0.282098 0.552807 0.268535 0.549952 0.256781 0.540438 0.250452
0 0.61275 0.245931 0.601332 0.250452 0.592769 0.257685 0.585157 0.275769 0.58706 0.286618 0.599429 0.296564 0.609895 0.299277 0.61941 0.297468 0.634634 0.278481 0.633682 0.259494 0.629876 0.251356 0.61941 0.245931
0 0.56803 0.232369 0.56137 0.237794 0.556613 0.246835 0.560419 0.25859 0.565176 0.262206 0.575642 0.261302 0.586108 0.249548 0.585157 0.240506 0.575642 0.232369
0 0.539486 0.216094 0.532826 0.219711 0.52902 0.229656 0.530923 0.23689 0.53568 0.238698 0.546147 0.237794 0.549001 0.233273 0.549952 0.221519 0.545195 0.216094
0 0.507136 0.229656 0.502379 0.233273 0.499524 0.244123 0.505233 0.249548 0.517602 0.24141 0.517602 0.235081 0.512845 0.229656
0 0.511893 0.18264 0.498573 0.185353 0.490961 0.194394 0.491912 0.209765 0.497621 0.216998 0.512845 0.216998 0.52236 0.211573 0.527117 0.20434 0.526166 0.191682 0.512845 0.183544
0 0.565176 0.207052 0.560419 0.211573 0.560419 0.217902 0.566127 0.222423 0.574691 0.21519 0.574691 0.209765 0.570885 0.207052
0 0.599429 0.203436 0.589914 0.212477 0.591817 0.226944 0.598478 0.231465 0.607992 0.232369 0.615604 0.22604 0.617507 0.213382 0.613701 0.206148 0.605138 0.203436
0 0.549001 0.189873 0.538535 0.197107 0.539486 0.202532 0.546147 0.207957 0.556613 0.199819 0.556613 0.192586 0.552807 0.189873
0 0.527117 0.164557 0.519505 0.17179 0.519505 0.179928 0.52236 0.185353 0.538535 0.188065 0.543292 0.178119 0.540438 0.17179 0.529971 0.164557
0 0.571836 0.147378 0.549001 0.157324 0.546147 0.164557 0.548049 0.17179 0.560419 0.181736 0.5804 0.159132 0.578497 0.150995 0.573739 0.147378
0 0.582303 0.180832 0.570885 0.188969 0.575642 0.199819 0.585157 0.198011 0.591817 0.191682 0.591817 0.185353 0.584206 0.180832
0 0.59372 0.121157 0.583254 0.126582 0.577545 0.136528 0.578497 0.143761 0.589914 0.152803 0.600381 0.150995 0.609895 0.141953 0.607041 0.128391 0.599429 0.121157
0 0.621313 0.0940325 0.610847 0.101266 0.607041 0.115732 0.613701 0.128391 0.625119 0.132911 0.639391 0.128391 0.647954 0.116637 0.641294 0.0949367 0.627022 0.0940325
0 0.676499 0.0786618 0.666984 0.0813743 0.654615 0.0904159 0.654615 0.10217 0.660324 0.11302 0.668887 0.114828 0.685062 0.112116 0.695528 0.103074 0.699334 0.0922242 0.695528 0.0822785 0.678402 0.0786618
0 0.730733 0.0669078 0.714558 0.0696203 0.707897 0.0759494 0.708849 0.0922242 0.715509 0.0994575 0.726927 0.100362 0.73549 0.0940325 0.738344 0.0786618 0.732636 0.0669078
0 0.770695 0.0660036 0.752617 0.0696203 0.746908 0.0759494 0.747859 0.0904159 0.760228 0.0994575 0.775452 0.0994575 0.783064 0.0904159 0.784015 0.0813743 0.779258 0.0678119 0.772598 0.0660036
0 0.717888 0.110307 0.711703 0.110307 0.705994 0.115732 0.7098 0.126582 0.722169 0.126582 0.726927 0.12387 0.72883 0.114828 0.724072 0.110307
0 0.655566 0.124774 0.644148 0.139241 0.646051 0.14557 0.655566 0.149186 0.662226 0.147378 0.669838 0.140145 0.669838 0.132911 0.659372 0.124774
0 0.691722 0.124774 0.680304 0.129295 0.679353 0.133816 0.683159 0.137432 0.693625 0.137432 0.698382 0.129295 0.69648 0.124774
0 0.61941 0.141953 0.614653 0.147378 0.614653 0.154611 0.61941 0.159132 0.627973 0.157324 0.635585 0.147378 0.633682 0.143761 0.62607 0.141953
0 0.644148 0.157324 0.631779 0.169982 0.631779 0.181736 0.633682 0.185353 0.640343 0.187161 0.652712 0.18264 0.659372 0.174503 0.657469 0.162749 0.647954 0.157324
0 0.680304 0.15009 0.669838 0.157324 0.671741 0.169078 0.680304 0.172694 0.687916 0.170886 0.692674 0.16094 0.685062 0.15009
0 0.67079 0.185353 0.659372 0.195298 0.661275 0.200723 0.669838 0.20434 0.675547 0.203436 0.679353 0.197107 0.675547 0.185353
0 0.701237 0.174503 0.695528 0.177215 0.690771 0.184448 0.691722 0.188969 0.699334 0.192586 0.705994 0.191682 0.7098 0.187161 0.7098 0.179928 0.705043 0.174503
0 0.715509 0.138336 0.707897 0.140145 0.70314 0.150995 0.705043 0.16094 0.711703 0.164557 0.722169 0.161844 0.726927 0.15642 0.725975 0.143761 0.720266 0.138336
0 0.749762 0.12387 0.738344 0.129295 0.734539 0.140145 0.736441 0.146474 0.745956 0.152803 0.75452 0.150995 0.758325 0.143761 0.755471 0.127486 0.751665 0.12387
0 0.784967 0.141049 0.775452 0.141049 0.76784 0.15009 0.76784 0.160036 0.779258 0.175407 0.795433 0.174503 0.803996 0.161844 0.801142 0.15009 0.789724 0.141049
0 0.743102 0.164557 0.737393 0.166365 0.723121 0.179024 0.719315 0.195298 0.726927 0.211573 0.736441 0.217902 0.760228 0.214286 0.771646 0.196203 0.76784 0.176311 0.750714 0.164557
0 0.701237 0.207052 0.67745 0.216094 0.671741 0.229656 0.678402 0.250452 0.693625 0.25859 0.705994 0.25859 0.716461 0.254973 0.723121 0.23689 0.718363 0.218807 0.710752 0.210669 0.702188 0.207052
0 0.791627 0.203436 0.779258 0.207052 0.770695 0.220615 0.773549 0.239602 0.780209 0.248644 0.79353 0.254973 0.807802 0.254069 0.814462 0.250452 0.821123 0.240506 0.821123 0.219711 0.816365 0.214286 0.79353 0.203436
0 0.821123 0.17179 0.803045 0.180832 0.803045 0.191682 0.810657 0.200723 0.823977 0.209765 0.829686 0.209765 0.834443 0.208861 0.838249 0.202532 0.842055 0.192586 0.842055 0.181736 0.837298 0.174503 0.828735 0.17179
0 0.823977 0.13472 0.813511 0.14557 0.813511 0.155515 0.821123 0.161844 0.83254 0.161844 0.837298 0.159132 0.839201 0.152803 0.833492 0.138336 0.82588 0.13472
0 0.838249 0.0985533 0.823977 0.101266 0.820171 0.104882 0.81922 0.117541 0.824929 0.124774 0.842055 0.125678 0.849667 0.122966 0.849667 0.106691 0.840152 0.0985533
0 0.795433 0.0587703 0.789724 0.0596745 0.784015 0.0678119 0.78687 0.0696203 0.785918 0.074141 0.796384 0.084991 0.809705 0.0822785 0.814462 0.0750452 0.810657 0.062387 0.803045 0.0587703
0 0.776403 0.108499 0.765937 0.109403 0.762131 0.11302 0.76118 0.120253 0.768792 0.128391 0.779258 0.126582 0.778306 0.122966 0.785918 0.120253 0.78687 0.115732 0.782112 0.108499
0 0.463368 0.983725 0.458611 0.990958 0.460514 0.999096 0.479543 0.999096 0.47764 0.990054 0.468126 0.983725
0 0.47098 0.962929 0.465271 0.965642 0.462417 0.971971 0.467174 0.975588 0.47764 0.976492 0.479543 0.969259 0.475737 0.962929
0 0.450048 0.933996 0.441484 0.938517 0.441484 0.952984 0.446242 0.959313 0.456708 0.961121 0.46432 0.955696 0.467174 0.940325 0.452902 0.933996
0 0.461465 0.905063 0.454805 0.909584 0.453853 0.91953 0.459562 0.924051 0.470029 0.924955 0.476689 0.912297 0.469077 0.905063
0 0.477165 0.878843 0.465271 0.882459 0.462417 0.889693 0.46432 0.896022 0.472883 0.898734 0.482398 0.89783 0.486204 0.893309 0.482398 0.878843
0 0.435775 0.841772 0.417697 0.845389 0.411037 0.858951 0.410086 0.871609 0.411989 0.882459 0.416746 0.889693 0.43197 0.896926 0.44529 0.893309 0.449096 0.889693 0.456708 0.871609 0.451951 0.845389 0.449096 0.842676 0.436727 0.842676
0 0.480495 0.847197 0.472883 0.849005 0.469077 0.85443 0.47098 0.863472 0.479543 0.867089 0.484301 0.866184 0.488107 0.859855 0.489058 0.851718 0.483349 0.847197
0 0.493815 0.802893 0.47764 0.80651 0.471931 0.814647 0.472883 0.831826 0.485252 0.838156 0.495718 0.838156 0.501427 0.827306 0.501427 0.809222 0.494767 0.803797
0 0.460514 0.745027 0.451951 0.754973 0.447193 0.777577 0.453853 0.786618 0.467174 0.788427 0.478592 0.781193 0.482398 0.759494 0.473834 0.74774 0.46432 0.745027
0 0.428164 0.725136 0.416746 0.729656 0.400571 0.750452 0.399619 0.769439 0.410086 0.776673 0.425309 0.776673 0.435775 0.764919 0.441484 0.735081 0.43863 0.728752 0.429115 0.725136
0 0.488107 0.698011 0.47098 0.702532 0.463368 0.710669 0.467174 0.726944 0.486204 0.73689 0.493815 0.73689 0.499524 0.731465 0.505233 0.716998 0.505233 0.707957 0.493815 0.698011
0 0.524263 0.716998 0.513796 0.730561 0.512845 0.742315 0.518554 0.749548 0.525214 0.75226 0.531874 0.751356 0.540438 0.738698 0.540438 0.720615 0.532826 0.716998
0 0.548049 0.674503 0.539486 0.679928 0.533777 0.694394 0.536632 0.705244 0.546147 0.708861 0.557564 0.705244 0.563273 0.697107 0.564225 0.679024 0.551855 0.674503
0 0.574691 0.635624 0.56803 0.641049 0.560419 0.654611 0.562322 0.663653 0.569933 0.668174 0.577545 0.668174 0.586108 0.663653 0.594672 0.648282 0.591817 0.642857 0.579448 0.635624
0 0.598478 0.601266 0.591817 0.60217 0.586108 0.607595 0.583254 0.619349 0.589914 0.630199 0.602284 0.63472 0.609895 0.629295 0.618459 0.612116 0.609895 0.603074 0.600381 0.601266
0 0.628925 0.584991 0.621313 0.588608 0.618459 0.594033 0.620362 0.60217 0.628925 0.607595 0.633682 0.606691 0.642245 0.595841 0.640343 0.589512 0.633682 0.584991
0 0.656518 0.566004 0.647003 0.568716 0.641294 0.576854 0.642245 0.585895 0.647954 0.59132 0.657469 0.59132 0.667935 0.582278 0.667935 0.574141 0.658421 0.566004
0 0.678402 0.545208 0.666984 0.556058 0.671741 0.562387 0.678402 0.565099 0.691722 0.556962 0.688868 0.550633 0.679353 0.545208
0 0.741199 0.490958 0.732636 0.492767 0.721218 0.500904 0.719315 0.505425 0.719315 0.516275 0.730733 0.527125 0.745956 0.526221 0.756422 0.518083 0.758325 0.509946 0.755471 0.498192 0.745956 0.490958
0 0.714558 0.4566 0.690771 0.466546 0.680304 0.480108 0.685062 0.48915 0.701237 0.499096 0.712655 0.496383 0.729781 0.477396 0.724072 0.463834 0.716461 0.4566
0 0.772598 0.485533 0.766889 0.490958 0.76784 0.500904 0.771646 0.505425 0.782112 0.503617 0.787821 0.494575 0.78687 0.48915 0.781161 0.485533
0 0.792578 0.506329 0.781161 0.515371 0.782112 0.520796 0.788773 0.526221 0.797336 0.525316 0.803996 0.518987 0.804948 0.512658 0.798287 0.506329
0 0.766889 0.523508 0.763083 0.528029 0.764986 0.534358 0.773549 0.531646 0.773549 0.527125 0.769743 0.523508
0 0.820171 0.485533 0.808754 0.493671 0.808754 0.500904 0.816365 0.509946 0.824929 0.509946 0.83254 0.504521 0.831589 0.494575 0.821123 0.485533
0 0.846813 0.481917 0.840152 0.483725 0.839201 0.486438 0.840152 0.490958 0.845861 0.493671 0.85823 0.487342 0.853473 0.481917
0 0.84491 0.442134 0.83254 0.444846 0.826832 0.449367 0.826832 0.462929 0.834443 0.471971 0.849667 0.469259 0.856327 0.462929 0.855376 0.451175 0.849667 0.442134
0 0.876308 0.44123 0.868696 0.449367 0.868696 0.462929 0.872502 0.468354 0.887726 0.465642 0.894386 0.4566 0.89058 0.443942 0.88392 0.44123
0 0.921979 0.433092 0.911513 0.437613 0.906755 0.443942 0.907707 0.4566 0.91627 0.460217 0.927688 0.459313 0.930542 0.454792 0.931494 0.439421 0.925785 0.433092
0 0.951475 0.435805 0.943863 0.439421 0.943863 0.463834 0.955281 0.469259 0.973359 0.465642 0.978116 0.455696 0.976213 0.442134 0.96765 0.437613 0.954329 0.435805
0 0.996194 0.415913 0.982873 0.424051 0.981922 0.43038 0.987631 0.438517 0.999049 0.436709 0.999049 0.415913
0 0.997146 0.44575 0.992388 0.449367 0.988582 0.463834 0.990485 0.46745 0.998097 0.469259 0.999049 0.44575
0 0.950523 0.369801 0.942912 0.370705 0.932445 0.386076 0.932445 0.407776 0.943863 0.423146 0.955281 0.425859 0.980019 0.420434 0.983825 0.415913 0.986679 0.403255 0.985728 0.380651 0.980971 0.371609 0.957184 0.369801
0 0.897241 0.366184 0.878211 0.370705 0.868696 0.377939 0.862988 0.38698 0.865842 0.41953 0.870599 0.424955 0.881066 0.429476 0.90295 0.429476 0.921979 0.420434 0.924833 0.415009 0.926736 0.386076 0.922931 0.37613 0.913416 0.369801 0.898192 0.367089
0 0.834443 0.395118 0.820171 0.398734 0.812559 0.405063 0.812559 0.421338 0.823026 0.429476 0.843007 0.43038 0.848716 0.429476 0.85157 0.425859 0.854424 0.415009 0.852521 0.405967 0.849667 0.400542 0.841104 0.395118
0 0.82588 0.34991 0.806851 0.35443 0.798287 0.362568 0.802093 0.379747 0.810657 0.386076 0.822074 0.384268 0.836346 0.373418 0.838249 0.359855 0.830637 0.34991
0 0.952426 0.325497 0.94196 0.331826 0.939106 0.330018 0.934348 0.335443 0.934348 0.350814 0.94196 0.363472 0.980971 0.363472 0.995243 0.35443 0.995243 0.336347 0.983825 0.326401 0.953378 0.326401
0 0.976213 0.288427 0.955281 0.299277 0.953378 0.310127 0.957184 0.314647 0.978116 0.320072 0.986679 0.316456 0.984776 0.297468 0.977165 0.288427
0 0.936251 0.232369 0.919125 0.249548 0.913416 0.264014 0.913416 0.272152 0.918173 0.283002 0.931494 0.293852 0.949572 0.291139 0.96099 0.28481 0.969553 0.270344 0.969553 0.259494 0.962892 0.243219 0.944814 0.232369
0 0.891532 0.27396 0.878211 0.274864 0.866794 0.280289 0.85823 0.292948 0.860133 0.313743 0.876308 0.32821 0.895338 0.330018 0.908658 0.321881 0.914367 0.311935 0.914367 0.293852 0.903901 0.277577 0.896289 0.27396
0 0.891532 0.232369 0.879163 0.240506 0.875357 0.249548 0.875357 0.257685 0.881066 0.26311 0.894386 0.264014 0.903901 0.257685 0.906755 0.244123 0.90295 0.235986 0.897241 0.232369
0 0.782112 0.260398 0.760228 0.267631 0.75452 0.274864 0.75452 0.283906 0.771646 0.303797 0.785918 0.301989 0.803045 0.286618 0.80019 0.269439 0.783064 0.261302
0 0.919125 0.201627 0.904853 0.216094 0.907707 0.228752 0.914367 0.233273 0.921028 0.232369 0.933397 0.222423 0.933397 0.209765 0.925785 0.201627
0 0.979068 0.268535 0.976213 0.278481 0.980019 0.282098 0.986679 0.282098 0.988582 0.272152 0.983825 0.268535
0 0.997146 0.189873 0.984776 0.196203 0.981922 0.203436 0.984776 0.216094 0.997146 0.228752 0.999049 0.189873
0 0.971456 0.15642 0.96099 0.161844 0.952426 0.174503 0.954329 0.184448 0.965747 0.191682 0.977165 0.190778 0.991437 0.177215 0.988582 0.164557 0.979068 0.15642
0 0.941009 0.118445 0.924833 0.129295 0.920076 0.140145 0.923882 0.153707 0.931494 0.159132 0.951475 0.15642 0.96099 0.143761 0.96099 0.129295 0.958135 0.122966 0.949572 0.118445
0 0.889629 0.133816 0.882017 0.136528 0.874405 0.146474 0.871551 0.160036 0.879163 0.169078 0.899144 0.17179 0.908658 0.167269 0.912464 0.153707 0.907707 0.141049 0.894386 0.133816
0 0.853473 0.131103 0.846813 0.13472 0.845861 0.140145 0.848716 0.147378 0.854424 0.150995 0.860133 0.15009 0.864891 0.141953 0.863939 0.13472 0.85823 0.131103
0 0.897241 0.0515371 0.887726 0.0533454 0.88392 0.0587703 0.884872 0.0714286 0.889629 0.0759494 0.901047 0.074141 0.911513 0.0650995 0.911513 0.056962 0.906755 0.0533454 0.898192 0.0524412
0 0.938154 0.0551537 0.927688 0.0587703 0.926736 0.0705244 0.932445 0.0768535 0.949572 0.0786618 0.955281 0.074141 0.955281 0.0650995 0.951475 0.0587703 0.942912 0.0551537
0 0.998097 0.0370705 0.982873 0.0415913 0.972407 0.0542495 0.972407 0.0768535 0.987631 0.0895118 0.999049 0.0895118 0.999049 0.0370705
0 0.983825 0.119349 0.977165 0.121157 0.973359 0.125678 0.973359 0.141049 0.980971 0.146474 0.990485 0.14557 0.999049 0.136528 0.999049 0.124774 0.994291 0.120253 0.984776 0.120253
0 0.932445 0.0904159 0.924833 0.096745 0.922931 0.10217 0.924833 0.107595 0.936251 0.109403 0.944814 0.104882 0.945766 0.0949367 0.933397 0.0904159
0 0.903901 0.103074 0.895338 0.106691 0.891532 0.112116 0.894386 0.122966 0.900095 0.127486 0.912464 0.124774 0.917222 0.115732 0.91627 0.108499 0.904853 0.103074
0 0.107517 0.985533 0.0980019 0.991863 0.100856 0.999096 0.117031 0.999096 0.118934 0.990958 0.115128 0.985533
0 0.12274 0.809222 0.113225 0.815552 0.114177 0.825497 0.118934 0.827306 0.126546 0.825497 0.131304 0.820976 0.131304 0.813743 0.123692 0.809222
0 0.0570885 0.791139 0.0428164 0.799277 0.0409134 0.814647 0.0456708 0.822785 0.0599429 0.82821 0.0713606 0.824593 0.0789724 0.818264 0.0827783 0.805606 0.0751665 0.796564 0.0589914 0.791139
