0 0.236791 0.879346 0.236791 0.907975 0.24364 0.919223 0.254403 0.925358 0.282779 0.927403 0.304305 0.906953 0.308219 0.886503 0.306262 0.872188 0.294521 0.857873 0.287671 0.854806 0.25636 0.854806 0.24364 0.865031
0 0.172211 0.883436 0.172211 0.903885 0.179061 0.917178 0.196673 0.921268 0.214286 0.912065 0.217221 0.880368 0.205479 0.861963 0.181996 0.866053
0 0.156556 0.805726 0.154599 0.825153 0.159491 0.841513 0.180039 0.852761 0.191781 0.851738 0.201566 0.843558 0.209393 0.808793 0.199609 0.789366 0.170254 0.788344
0 0.227006 0.821063 0.227006 0.837423 0.241683 0.848671 0.252446 0.849693 0.264188 0.837423 0.267123 0.815951 0.25636 0.800613 0.250489 0.799591 0.237769 0.802658
0 0.27593 0.806748 0.274951 0.830266 0.282779 0.841513 0.290607 0.845603 0.312133 0.839468 0.325832 0.813906 0.318982 0.799591 0.304305 0.793456 0.284736 0.794479
0 0.250489 0.766871 0.250489 0.785276 0.258317 0.792434 0.267123 0.793456 0.283757 0.784254 0.28865 0.762781 0.280822 0.747444 0.267123 0.745399 0.258317 0.747444
0 0.201566 0.753579 0.201566 0.777096 0.215264 0.776074 0.22407 0.762781 0.225049 0.749489 0.213307 0.746421
0 0.141879 0.748466 0.1409 0.765849 0.148728 0.779141 0.169276 0.782209 0.176125 0.776074 0.181996 0.754601 0.171233 0.734151 0.154599 0.734151
0 0.166341 0.699387 0.166341 0.720859 0.174168 0.728016 0.18591 0.728016 0.199609 0.713701 0.202544 0.689162 0.193738 0.679959 0.186888 0.679959 0.172211 0.688139
0 0.118395 0.710634 0.119374 0.729039 0.129159 0.736196 0.136986 0.736196 0.149706 0.724949 0.154599 0.704499 0.145793 0.691207 0.136986 0.691207 0.129159 0.693252
0 0.101761 0.748466 0.0978474 0.768916 0.105675 0.781186 0.117417 0.782209 0.130137 0.771984 0.132094 0.755624 0.129159 0.744376 0.11546 0.739264
0 0.114481 0.802658 0.114481 0.817996 0.122309 0.828221 0.134051 0.830266 0.144814 0.823108 0.149706 0.798569 0.143836 0.786299 0.123288 0.789366
0 0.124266 0.848671 0.125245 0.869121 0.136008 0.875256 0.14775 0.874233 0.155577 0.857873 0.154599 0.844581 0.138943 0.839468
0 0.0978474 0.899796 0.0968689 0.919223 0.110568 0.936605 0.12818 0.936605 0.1409 0.92638 0.143836 0.906953 0.133072 0.885481 0.125245 0.881391 0.113503 0.882413
0 0.142857 0.949898 0.142857 0.96319 0.14775 0.97546 0.164384 0.98773 0.179061 0.98773 0.195695 0.97546 0.199609 0.952965 0.192759 0.936605 0.180039 0.924335 0.152642 0.927403
0 0.208415 0.93047 0.208415 0.947853 0.216243 0.961145 0.22407 0.96319 0.238748 0.953988 0.242661 0.943763 0.238748 0.924335 0.22407 0.920245
0 0.249511 0.952965 0.250489 0.973415 0.264188 0.985685 0.280822 0.986708 0.294521 0.970348 0.294521 0.956033 0.280822 0.939673 0.258317 0.939673
0 0.312133 0.962168 0.309198 0.974438 0.313112 0.99182 0.319961 0.99591 0.335616 0.994888 0.345401 0.97955 0.343444 0.964213 0.334638 0.956033 0.327789 0.95501 0.318982 0.956033
0 0.361057 0.961145 0.362035 0.98364 0.377691 0.994888 0.385519 0.992843 0.398239 0.973415 0.39726 0.96319 0.387476 0.952965 0.372798 0.952965
0 0.318982 0.915133 0.320939 0.931493 0.325832 0.935583 0.337573 0.935583 0.349315 0.925358 0.349315 0.899796 0.341487 0.896728 0.328767 0.898773
0 0.398239 0.932515 0.407045 0.96319 0.419765 0.970348 0.434442 0.970348 0.443249 0.96319 0.449119 0.948875 0.451076 0.9182 0.435421 0.902863 0.417808 0.902863 0.40411 0.915133
0 0.39726 0.839468 0.393346 0.849693 0.402153 0.882413 0.418787 0.894683 0.430528 0.891616 0.446184 0.868098 0.446184 0.844581 0.44227 0.834356 0.42955 0.822086 0.422701 0.822086 0.409002 0.827198
0 0.358121 0.875256 0.356164 0.886503 0.362035 0.897751 0.377691 0.899796 0.38454 0.894683 0.388454 0.879346 0.380626 0.868098 0.367906 0.866053
0 0.365949 0.917178 0.365949 0.93865 0.37182 0.94274 0.383562 0.940695 0.391389 0.929448 0.390411 0.91411 0.380626 0.91002
0 0.459883 0.907975 0.462818 0.941718 0.475538 0.951943 0.48728 0.95092 0.496086 0.928425 0.496086 0.915133 0.490215 0.899796 0.473581 0.892638
0 0.47456 0.976483 0.476517 0.998978 0.514677 0.998978 0.511742 0.980573 0.5 0.966258 0.48728 0.96319
0 0.427593 0.985685 0.421722 0.998978 0.46771 0.998978 0.462818 0.985685 0.450098 0.977505 0.434442 0.97955
0 0.199609 0.980573 0.197652 0.998978 0.252446 0.998978 0.248532 0.986708 0.232877 0.974438 0.212329 0.972393
0 0.110568 0.952965 0.112524 0.969325 0.124266 0.978528 0.130137 0.977505 0.135029 0.96728 0.132094 0.951943 0.117417 0.947853
0 0.0694716 0.944785 0.0714286 0.970348 0.0772994 0.978528 0.0890411 0.97955 0.0949119 0.972393 0.0988258 0.957055 0.0939335 0.939673 0.0870841 0.93456 0.0763209 0.935583
0 0.0225049 0.928425 0.0176125 0.957055 0.0254403 0.973415 0.0293542 0.97546 0.053816 0.966258 0.0616438 0.939673 0.0616438 0.932515 0.0547945 0.92229 0.0410959 0.9182
0 0.0293542 0.985685 0.0273973 0.998978 0.0733855 0.998978 0.0684932 0.980573 0.0587084 0.972393 0.0440313 0.972393
0 0.0704501 0.842536 0.0694716 0.864008 0.0812133 0.876278 0.0988258 0.880368 0.113503 0.866053 0.117417 0.841513 0.112524 0.830266 0.101761 0.821063 0.0841487 0.823108
0 0.055773 0.886503 0.0577299 0.919223 0.0655577 0.92638 0.0782779 0.923313 0.0851272 0.893661 0.0821918 0.888548 0.0655577 0.878323
0 0.0117417 0.903885 0.0107632 0.912065 0.018591 0.925358 0.0420744 0.91411 0.0499022 0.893661 0.0459883 0.882413 0.0362035 0.877301
0 0.0381605 0.795501 0.0362035 0.804703 0.0430528 0.830266 0.0499022 0.836401 0.0636008 0.836401 0.0792564 0.817996 0.0782779 0.798569 0.0645793 0.786299 0.0479452 0.788344
0 0.0675147 0.771984 0.0684932 0.783231 0.0812133 0.787321 0.0900196 0.778119 0.0900196 0.763804 0.0880626 0.759714 0.0753425 0.759714 0.0694716 0.763804
0 0.053816 0.715746 0.0518591 0.740286 0.0626223 0.749489 0.0841487 0.751534 0.090998 0.748466 0.105675 0.730061 0.112524 0.699387 0.101761 0.684049 0.0753425 0.683027 0.0616438 0.693252
0 0.0332681 0.767894 0.0322896 0.779141 0.0362035 0.785276 0.053816 0.784254 0.0616438 0.780164 0.0665362 0.758691 0.0567515 0.749489 0.0459883 0.746421
0 0.105675 0.663599 0.105675 0.676892 0.112524 0.686094 0.12818 0.686094 0.138943 0.670757 0.1409 0.650307 0.136008 0.643149 0.125245 0.642127 0.111546 0.650307
0 0.149706 0.665644 0.146771 0.671779 0.151663 0.685072 0.158513 0.686094 0.169276 0.676892 0.171233 0.667689 0.167319 0.657464 0.16047 0.657464
0 0.181018 0.642127 0.181018 0.656442 0.191781 0.669734 0.202544 0.666667 0.214286 0.649284 0.212329 0.633947 0.199609 0.625767 0.186888 0.632924
0 0.138943 0.615542 0.1409 0.635992 0.156556 0.642127 0.170254 0.637014 0.179061 0.628834 0.184932 0.602249 0.175147 0.58998 0.16047 0.588957 0.145793 0.59816
0 0.0812133 0.618609 0.0802348 0.629857 0.0841487 0.633947 0.114481 0.639059 0.12818 0.630879 0.134051 0.604294 0.12818 0.593047 0.114481 0.587935 0.104697 0.588957 0.092955 0.595092
0 0.0606654 0.660532 0.0616438 0.671779 0.0704501 0.678937 0.0949119 0.675869 0.0998043 0.669734 0.103718 0.647239 0.0958904 0.641104 0.0763209 0.637014 0.0675147 0.645194
0 0.112524 0.560327 0.109589 0.56953 0.112524 0.580777 0.116438 0.584867 0.139922 0.58998 0.15362 0.584867 0.161448 0.575665 0.167319 0.546012 0.158513 0.535787 0.139922 0.531697 0.126223 0.538855
0 0.171233 0.556237 0.171233 0.57362 0.181996 0.583845 0.199609 0.57771 0.209393 0.560327 0.209393 0.552147 0.199609 0.537832 0.181996 0.538855
0 0.194716 0.595092 0.193738 0.602249 0.19863 0.611452 0.21135 0.617587 0.227006 0.611452 0.235812 0.599182 0.233855 0.582822 0.227006 0.574642 0.208415 0.579755
0 0.222114 0.547035 0.222114 0.560327 0.228963 0.566462 0.237769 0.566462 0.254403 0.55726 0.262231 0.538855 0.25636 0.530675 0.244618 0.52863
0 0.251468 0.57362 0.247554 0.583845 0.249511 0.600204 0.262231 0.616564 0.280822 0.619632 0.300391 0.602249 0.303327 0.57771 0.293542 0.556237 0.278865 0.55317 0.264188 0.560327
0 0.305284 0.5409 0.305284 0.55317 0.312133 0.56953 0.325832 0.575665 0.348337 0.558282 0.356164 0.530675 0.35225 0.52045 0.337573 0.513292 0.315068 0.522495
0 0.410959 0.615542 0.412916 0.637014 0.426614 0.646217 0.452055 0.643149 0.465753 0.622699 0.463796 0.611452 0.44227 0.592025 0.420744 0.59816
0 0.473581 0.622699 0.46771 0.645194 0.47456 0.661554 0.491194 0.672802 0.514677 0.674847 0.524462 0.657464 0.518591 0.625767 0.510763 0.618609 0.497065 0.614519
0 0.539139 0.637014 0.539139 0.655419 0.54501 0.662577 0.561644 0.662577 0.568493 0.656442 0.572407 0.641104 0.572407 0.629857 0.568493 0.624744 0.556751 0.622699
0 0.576321 0.654397 0.574364 0.671779 0.577299 0.679959 0.58317 0.683027 0.590998 0.680982 0.60274 0.665644 0.603718 0.651329 0.584149 0.649284
0 0.520548 0.683027 0.518591 0.696319 0.531311 0.704499 0.543053 0.701431 0.549902 0.690184 0.546967 0.679959 0.536204 0.673824
0 0.556751 0.701431 0.555773 0.716769 0.563601 0.726994 0.573386 0.723926 0.58317 0.709611 0.581213 0.697342 0.571429 0.692229
0 0.495108 0.714724 0.492172 0.716769 0.493151 0.734151 0.499022 0.757669 0.507828 0.760736 0.523483 0.754601 0.53229 0.738241 0.527397 0.720859 0.517613 0.711656
0 0.535225 0.747444 0.534247 0.758691 0.547945 0.774029 0.554795 0.775051 0.565558 0.767894 0.568493 0.754601 0.560665 0.736196 0.54501 0.737219
0 0.46184 0.793456 0.463796 0.805726 0.480431 0.819018 0.501957 0.807771 0.51272 0.789366 0.504892 0.771984 0.493151 0.767894 0.475538 0.778119
0 0.518591 0.798569 0.517613 0.807771 0.526419 0.827198 0.535225 0.829243 0.541096 0.826176 0.548924 0.813906 0.547945 0.789366 0.536204 0.785276
0 0.506849 0.857873 0.504892 0.866053 0.507828 0.872188 0.523483 0.878323 0.53229 0.866053 0.534247 0.847648 0.528376 0.842536 0.520548 0.843558
0 0.45499 0.845603 0.453033 0.866053 0.466732 0.881391 0.482387 0.879346 0.495108 0.865031 0.496086 0.846626 0.484344 0.829243 0.472603 0.830266
0 0.148728 0.498978 0.145793 0.50818 0.148728 0.521472 0.166341 0.53272 0.180039 0.53272 0.196673 0.525562 0.206458 0.507157 0.207436 0.492843 0.197652 0.482618 0.174168 0.476483 0.164384 0.47955
0 0.216243 0.48364 0.213307 0.486708 0.214286 0.497955 0.223092 0.503067 0.233855 0.501022 0.241683 0.490798 0.241683 0.480573 0.237769 0.477505
0 0.246575 0.498978 0.244618 0.506135 0.249511 0.515337 0.255382 0.517382 0.266145 0.51227 0.268102 0.497955 0.265166 0.494888 0.252446 0.494888
0 0.271037 0.518405 0.271037 0.53272 0.277886 0.542945 0.293542 0.537832 0.30137 0.525562 0.30137 0.51636 0.295499 0.506135 0.282779 0.50818
0 0.246575 0.453988 0.246575 0.473415 0.258317 0.482618 0.271037 0.484663 0.300391 0.46728 0.307241 0.4591 0.309198 0.44683 0.305284 0.43456 0.298434 0.427403 0.286693 0.421268 0.276908 0.421268 0.251468 0.43456
0 0.178082 0.451943 0.178082 0.46319 0.188845 0.473415 0.21135 0.47955 0.235812 0.466258 0.241683 0.437628 0.234834 0.42638 0.215264 0.416155 0.190802 0.433538
0 0.223092 0.395706 0.220157 0.411043 0.242661 0.42638 0.26908 0.419223 0.276908 0.404908 0.272994 0.388548 0.252446 0.374233 0.235812 0.379346
0 0.282779 0.389571 0.284736 0.407975 0.296477 0.416155 0.308219 0.41411 0.32681 0.394683 0.323875 0.378323 0.31409 0.373211 0.300391 0.373211
0 0.318982 0.421268 0.319961 0.441718 0.333659 0.45501 0.349315 0.453988 0.365949 0.439673 0.362035 0.415133 0.347358 0.404908 0.335616 0.403885
0 0.302348 0.47955 0.30137 0.49591 0.312133 0.505112 0.325832 0.503067 0.336595 0.490798 0.331703 0.472393 0.325832 0.468303 0.312133 0.468303
0 0.372798 0.445808 0.369863 0.457055 0.37182 0.46319 0.379648 0.46728 0.394325 0.460123 0.40411 0.43865 0.398239 0.433538 0.387476 0.433538
0 0.379648 0.390593 0.378669 0.408998 0.392368 0.423313 0.411937 0.42229 0.420744 0.4182 0.425636 0.41002 0.428571 0.387526 0.417808 0.374233 0.40411 0.372188 0.393346 0.376278
0 0.334638 0.358896 0.333659 0.380368 0.349315 0.393661 0.361057 0.393661 0.374755 0.384458 0.383562 0.375256 0.387476 0.362986 0.380626 0.344581 0.365949 0.338446 0.341487 0.344581
0 0.394325 0.329243 0.393346 0.343558 0.39726 0.355828 0.408023 0.362986 0.421722 0.365031 0.434442 0.359918 0.44227 0.351738 0.451076 0.323108 0.449119 0.315951 0.437378 0.305726 0.414873 0.302658 0.40411 0.310838
0 0.438356 0.375256 0.438356 0.398773 0.449119 0.40593 0.459883 0.40593 0.492172 0.394683 0.500978 0.378323 0.500978 0.368098 0.491194 0.348671 0.472603 0.343558 0.450098 0.353783
0 0.355186 0.281186 0.356164 0.294479 0.365949 0.307771 0.375734 0.313906 0.390411 0.313906 0.405088 0.293456 0.400196 0.270961 0.387476 0.257669 0.365949 0.264826
0 0.323875 0.306748 0.322896 0.317996 0.334638 0.338446 0.35225 0.334356 0.362035 0.324131 0.362035 0.310838 0.350294 0.295501 0.334638 0.294479
0 0.305284 0.317996 0.286693 0.331288 0.287671 0.338446 0.297456 0.358896 0.307241 0.366053 0.318004 0.367076 0.324853 0.361963 0.330724 0.349693 0.329746 0.333333 0.317025 0.315951
0 0.257339 0.357873 0.25636 0.369121 0.272016 0.381391 0.285714 0.381391 0.295499 0.371166 0.293542 0.358896 0.282779 0.340491 0.266145 0.344581
0 0.506849 0.383436 0.504892 0.393661 0.508806 0.403885 0.515656 0.408998 0.531311 0.412065 0.542074 0.403885 0.545988 0.387526 0.541096 0.369121 0.530333 0.366053 0.520548 0.369121
0 0.500978 0.330266 0.502935 0.348671 0.514677 0.356851 0.526419 0.356851 0.543053 0.342536 0.547945 0.314928 0.540117 0.307771 0.528376 0.308793 0.510763 0.317996
0 0.554795 0.293456 0.554795 0.307771 0.561644 0.312883 0.571429 0.312883 0.588063 0.307771 0.596869 0.297546 0.600783 0.284254 0.593933 0.274029 0.574364 0.271984 0.560665 0.279141
0 0.530333 0.240286 0.531311 0.257669 0.545988 0.268916 0.560665 0.267894 0.572407 0.247444 0.571429 0.234151 0.558708 0.226994 0.540117 0.230061
0 0.490215 0.278119 0.491194 0.299591 0.497065 0.305726 0.508806 0.306748 0.527397 0.296524 0.53229 0.271984 0.522505 0.261759 0.514677 0.260736
0 0.46184 0.317996 0.462818 0.332311 0.472603 0.338446 0.484344 0.335378 0.494129 0.321063 0.492172 0.312883 0.483366 0.307771 0.476517 0.307771
0 0.440313 0.281186 0.441292 0.296524 0.452055 0.303681 0.462818 0.303681 0.477495 0.294479 0.481409 0.279141 0.478474 0.269939 0.466732 0.261759
0 0.423679 0.240286 0.424658 0.261759 0.434442 0.269939 0.449119 0.266871 0.462818 0.251534 0.458904 0.234151 0.452055 0.226994 0.439335 0.226994
0 0.390411 0.240286 0.386497 0.254601 0.393346 0.256646 0.400196 0.265849 0.408023 0.267894 0.417808 0.260736 0.417808 0.232106 0.400196 0.231084
0 0.410959 0.273006 0.411937 0.293456 0.432485 0.291411 0.433464 0.284254 0.427593 0.273006
0 0.610568 0.270961 0.609589 0.279141 0.618395 0.291411 0.643836 0.293456 0.66047 0.283231 0.664384 0.259714 0.654599 0.248466 0.639922 0.248466 0.619374 0.257669
0 0.677104 0.250511 0.677104 0.263804 0.686888 0.276074 0.69863 0.280164 0.72407 0.277096 0.741683 0.264826 0.748532 0.249489 0.750489 0.229039 0.736791 0.215746 0.715264 0.213701 0.690802 0.226994
0 0.725049 0.180982 0.726027 0.196319 0.732877 0.203476 0.749511 0.204499 0.761252 0.196319 0.763209 0.174847 0.754403 0.166667 0.739726 0.166667
0 0.686888 0.186094 0.683953 0.196319 0.691781 0.207566 0.704501 0.205521 0.714286 0.192229 0.706458 0.178937 0.694716 0.179959
0 0.637965 0.202454 0.633072 0.214724 0.634051 0.226994 0.639922 0.236196 0.657534 0.239264 0.676125 0.225971 0.679061 0.212679 0.671233 0.198364 0.650685 0.195297
0 0.584149 0.233129 0.58317 0.242331 0.588063 0.249489 0.609589 0.252556 0.619374 0.243354 0.623288 0.224949 0.61546 0.214724 0.604697 0.213701 0.590998 0.220859
0 0.600783 0.182004 0.597847 0.196319 0.605675 0.204499 0.622309 0.204499 0.633072 0.195297 0.631115 0.186094 0.623288 0.179959 0.609589 0.177914
0 0.561644 0.200409 0.558708 0.211656 0.567515 0.220859 0.577299 0.220859 0.592955 0.209611 0.592955 0.198364 0.586106 0.191207 0.571429 0.192229
0 0.644814 0.161554 0.645793 0.182004 0.65362 0.187117 0.669276 0.187117 0.689824 0.170757 0.691781 0.153374 0.684932 0.144172 0.671233 0.141104 0.652642 0.149284
0 0.701566 0.153374 0.701566 0.165644 0.709393 0.170757 0.72407 0.167689 0.73092 0.158487 0.726027 0.148262
0 0.736791 0.134969 0.734834 0.147239 0.749511 0.158487 0.767123 0.154397 0.777886 0.140082 0.776908 0.127812 0.771037 0.121677 0.744618 0.122699
0 0.787671 0.113497 0.786693 0.129857 0.790607 0.139059 0.806262 0.147239 0.833659 0.140082 0.842466 0.129857 0.84638 0.116564 0.841487 0.102249 0.827789 0.095092 0.802348 0.097137 0.793542 0.102249
0 0.774951 0.160532 0.772994 0.170757 0.783757 0.178937 0.794521 0.176892 0.803327 0.161554 0.794521 0.151329 0.782779 0.151329
0 0.811155 0.167689 0.811155 0.184049 0.827789 0.194274 0.842466 0.190184 0.85225 0.174847 0.850294 0.161554 0.838552 0.153374 0.823875 0.154397
0 0.862035 0.167689 0.863992 0.188139 0.878669 0.199387 0.901174 0.195297 0.913894 0.182004 0.912916 0.172802 0.889432 0.156442 0.875734 0.156442
0 0.925636 0.167689 0.925636 0.174847 0.931507 0.182004 0.944227 0.183027 0.959883 0.175869 0.962818 0.164622 0.949119 0.153374 0.939335 0.153374 0.931507 0.157464
0 0.96771 0.180982 0.968689 0.195297 0.975538 0.206544 0.98728 0.215746 0.999022 0.216769 0.999022 0.159509 0.975538 0.166667
0 0.952055 0.121677 0.949119 0.126789 0.952055 0.140082 0.966732 0.153374 0.986301 0.154397 0.999022 0.140082 0.996086 0.117587 0.980431 0.108384 0.963796 0.110429
0 0.892368 0.109407 0.886497 0.127812 0.898239 0.143149 0.90998 0.149284 0.923679 0.150307 0.938356 0.141104 0.941292 0.118609 0.928571 0.104294 0.917808 0.101227
0 0.849315 0.133947 0.84638 0.141104 0.85225 0.150307 0.866928 0.149284 0.873777 0.144172 0.873777 0.131902 0.865949 0.125767 0.854207 0.127812
0 0.818982 0.220859 0.817025 0.241309 0.825832 0.257669 0.834638 0.262781 0.854207 0.261759 0.863992 0.256646 0.880626 0.240286 0.883562 0.226994 0.879648 0.214724 0.854207 0.203476 0.833659 0.205521
0 0.868885 0.275051 0.867906 0.283231 0.873777 0.292434 0.889432 0.293456 0.906067 0.284254 0.911937 0.275051 0.912916 0.263804 0.902153 0.254601 0.888454 0.254601 0.875734 0.261759
0 0.89726 0.217791 0.898239 0.238241 0.910959 0.248466 0.925636 0.252556 0.935421 0.252556 0.945205 0.244376 0.953033 0.236196 0.957926 0.222904 0.957926 0.213701 0.952055 0.205521 0.932485 0.200409 0.90998 0.204499
0 0.472603 0.205521 0.466732 0.218814 0.466732 0.234151 0.482387 0.259714 0.495108 0.261759 0.515656 0.249489 0.521526 0.241309 0.522505 0.222904 0.509785 0.203476 0.484344 0.196319
0 0.681018 0.370143 0.681996 0.393661 0.687867 0.403885 0.69863 0.411043 0.723092 0.407975 0.734834 0.392638 0.735812 0.380368 0.731898 0.371166 0.727006 0.362986 0.716243 0.354806 0.701566 0.352761 0.691781 0.355828 0.683953 0.361963
0 0.707436 0.431493 0.706458 0.452965 0.7182 0.46319 0.740705 0.461145 0.751468 0.448875 0.752446 0.433538 0.747554 0.425358 0.716243 0.421268
0 0.727006 0.474438 0.725049 0.489775 0.736791 0.505112 0.760274 0.50409 0.770059 0.493865 0.76908 0.478528 0.752446 0.465235 0.735812 0.468303
0 0.776908 0.466258 0.77593 0.47955 0.790607 0.494888 0.807241 0.493865 0.818004 0.476483 0.809198 0.45501 0.785714 0.456033
0 0.887476 0.43865 0.890411 0.464213 0.908023 0.478528 0.921722 0.478528 0.940313 0.462168 0.94227 0.431493 0.928571 0.420245 0.900196 0.4182 0.890411 0.427403
0 0.951076 0.451943 0.950098 0.464213 0.960861 0.477505 0.976517 0.47955 0.991194 0.470348 0.989237 0.452965 0.976517 0.440695 0.962818 0.440695
0 0.954012 0.498978 0.952055 0.505112 0.96184 0.515337 0.972603 0.515337 0.985323 0.507157 0.983366 0.494888 0.971624 0.486708 0.96184 0.48773
0 0.562622 0.575665 0.561644 0.59816 0.571429 0.610429 0.59589 0.615542 0.606654 0.610429 0.613503 0.602249 0.614481 0.575665 0.611546 0.566462 0.601761 0.55726 0.585127 0.559305 0.573386 0.556237
0 0.750489 0.52045 0.749511 0.52863 0.759295 0.537832 0.773973 0.533742 0.778865 0.526585 0.777886 0.521472 0.768102 0.514315 0.755382 0.515337
0 0.791585 0.510225 0.790607 0.522495 0.796477 0.529652 0.81409 0.53272 0.824853 0.52863 0.830724 0.521472 0.828767 0.513292 0.821918 0.506135 0.810176 0.501022 0.802348 0.501022
0 0.837573 0.497955 0.836595 0.515337 0.853229 0.526585 0.865949 0.525562 0.880626 0.515337 0.878669 0.510225 0.855186 0.497955
0 0.658513 0.570552 0.658513 0.580777 0.671233 0.583845 0.688845 0.570552 0.688845 0.560327 0.675147 0.560327
0 0.626223 0.602249 0.62818 0.612474 0.638943 0.612474 0.648728 0.604294 0.651663 0.591002 0.648728 0.587935 0.6409 0.588957 0.632094 0.59407
0 0.69863 0.54908 0.69863 0.55726 0.709393 0.56135 0.719178 0.560327 0.73092 0.55317 0.736791 0.539877 0.733855 0.534765 0.719178 0.529652 0.707436 0.535787
0 0.898239 0.497955 0.896282 0.51227 0.90411 0.52045 0.925636 0.519427 0.932485 0.514315 0.936399 0.505112 0.931507 0.494888 0.919765 0.489775 0.909002 0.489775
