0 0.4407630522088353 0.8760964912280702 0.43172690763052207 0.8782894736842105 0.42369477911646586 0.8848684210526315 0.41967871485943775 0.9133771929824561 0.42771084337349397 0.9320175438596491 0.4407630522088353 0.9418859649122807 0.4528112449799197 0.9429824561403509 0.4598393574297189 0.9407894736842105 0.464859437751004 0.9331140350877193 0.46987951807228917 0.9111842105263158 0.46987951807228917 0.893640350877193 0.464859437751004 0.8826754385964912 0.44779116465863456 0.8760964912280702
0 0.392570281124498 0.8903508771929824 0.38052208835341367 0.8947368421052632 0.37650602409638556 0.8925438596491229 0.37248995983935745 0.8980263157894737 0.3684738955823293 0.9221491228070176 0.37751004016064255 0.9342105263157895 0.38353413654618473 0.9353070175438597 0.40763052208835343 0.918859649122807 0.40763052208835343 0.8969298245614035 0.3965863453815261 0.8903508771929824
0 0.33835341365461846 0.8837719298245614 0.32429718875502006 0.8892543859649122 0.31626506024096385 0.8980263157894737 0.31224899598393574 0.9232456140350878 0.3152610441767068 0.9320175438596491 0.321285140562249 0.9375 0.34036144578313254 0.9396929824561403 0.357429718875502 0.9199561403508771 0.35843373493975905 0.9035087719298246 0.35542168674698793 0.8947368421052632 0.3453815261044177 0.8859649122807017 0.3393574297188755 0.8848684210526315
0 0.3102409638554217 0.831140350877193 0.30622489959839355 0.8377192982456141 0.3042168674698795 0.8596491228070176 0.31626506024096385 0.8771929824561403 0.32228915662650603 0.8804824561403509 0.33032128514056225 0.8793859649122807 0.3534136546184739 0.8585526315789473 0.35542168674698793 0.8508771929824561 0.3142570281124498 0.831140350877193
0 0.24799196787148595 0.8333333333333334 0.23493975903614459 0.8377192982456141 0.2289156626506024 0.8497807017543859 0.23092369477911648 0.8651315789473685 0.2399598393574297 0.8739035087719298 0.25502008032128515 0.8706140350877193 0.2620481927710843 0.8607456140350878 0.2620481927710843 0.8421052631578947 0.25502008032128515 0.8333333333333334 0.24899598393574296 0.8344298245614035
0 0.2791164658634538 0.8508771929824561 0.2710843373493976 0.8585526315789473 0.2720883534136546 0.8793859649122807 0.2781124497991968 0.8837719298245614 0.28815261044176704 0.8837719298245614 0.2931726907630522 0.8793859649122807 0.29417670682730923 0.856359649122807 0.28012048192771083 0.8519736842105263
0 0.2640562248995984 0.8837719298245614 0.24096385542168675 0.8881578947368421 0.23795180722891565 0.9078947368421053 0.2429718875502008 0.9177631578947368 0.2570281124497992 0.9221491228070176 0.2720883534136546 0.9177631578947368 0.2761044176706827 0.9035087719298246 0.26506024096385544 0.8837719298245614
0 0.2791164658634538 0.9276315789473685 0.2540160642570281 0.9331140350877193 0.24799196787148595 0.9451754385964912 0.24497991967871485 0.9703947368421053 0.2680722891566265 0.9945175438596491 0.28815261044176704 0.9989035087719298 0.2991967871485944 0.9846491228070176 0.3002008032128514 0.9550438596491229 0.29116465863453816 0.9528508771929824 0.2961847389558233 0.9451754385964912 0.28815261044176704 0.9331140350877193 0.28012048192771083 0.9287280701754386
0 0.3293172690763052 0.9462719298245614 0.3172690763052209 0.9484649122807017 0.30823293172690763 0.9605263157894737 0.30622489959839355 0.9890350877192983 0.3112449799196787 0.9989035087719298 0.33835341365461846 0.9989035087719298 0.34839357429718876 0.9912280701754386 0.3514056224899598 0.9671052631578947 0.3453815261044177 0.9528508771929824 0.3353413654618474 0.9462719298245614
0 0.21385542168674698 0.9177631578947368 0.19578313253012047 0.9221491228070176 0.18875502008032127 0.9320175438596491 0.19176706827309237 0.9660087719298246 0.19578313253012047 0.9692982456140351 0.21686746987951808 0.9692982456140351 0.22690763052208834 0.9605263157894737 0.2319277108433735 0.944078947368421 0.23293172690763053 0.9254385964912281 0.23092369477911648 0.9210526315789473 0.22690763052208834 0.9221491228070176 0.22088353413654618 0.9177631578947368
0 0.16666666666666666 0.8958333333333334 0.15562248995983935 0.9024122807017544 0.15461847389558234 0.9122807017543859 0.1606425702811245 0.9232456140350878 0.16967871485943775 0.9276315789473685 0.178714859437751 0.9254385964912281 0.18875502008032127 0.9144736842105263 0.1857429718875502 0.9024122807017544 0.1757028112449799 0.8958333333333334
0 0.14809236947791166 0.9287280701754386 0.13654618473895583 0.9320175438596491 0.13152610441767068 0.9462719298245614 0.13755020080321284 0.9594298245614035 0.14558232931726908 0.9649122807017544 0.16265060240963855 0.9616228070175439 0.1686746987951807 0.9495614035087719 0.16666666666666666 0.9353070175438597 0.1536144578313253 0.9287280701754386
0 0.1706827309236948 0.9671052631578947 0.15963855421686746 0.9692982456140351 0.1495983935742972 0.9758771929824561 0.1465863453815261 0.981359649122807 0.14759036144578314 0.9967105263157895 0.19678714859437751 0.9989035087719298 0.19377510040160642 0.9769736842105263 0.18373493975903615 0.9692982456140351 0.1716867469879518 0.9671052631578947
0 0.2248995983935743 0.9802631578947368 0.21586345381526104 0.9846491228070176 0.21084337349397592 0.9989035087719298 0.2520080321285141 0.9989035087719298 0.24096385542168675 0.9835526315789473 0.23393574297188754 0.9802631578947368
0 0.4246987951807229 0.9506578947368421 0.4166666666666667 0.956140350877193 0.41566265060240964 0.9747807017543859 0.42168674698795183 0.9846491228070176 0.4347389558232932 0.9857456140350878 0.44176706827309237 0.9758771929824561 0.4407630522088353 0.9594298245614035 0.4347389558232932 0.9528508771929824 0.42570281124497994 0.9506578947368421
0 0.5100401606425703 0.9462719298245614 0.4959839357429719 0.9517543859649122 0.4929718875502008 0.9714912280701754 0.49899598393574296 0.981359649122807 0.5150602409638554 0.9857456140350878 0.5291164658634538 0.981359649122807 0.5331325301204819 0.9769736842105263 0.5301204819277109 0.9550438596491229 0.5190763052208835 0.9462719298245614
0 0.4939759036144578 0.8837719298245614 0.48895582329317266 0.8859649122807017 0.4799196787148594 0.8991228070175439 0.48092369477911645 0.9210526315789473 0.49698795180722893 0.9320175438596491 0.5140562248995983 0.9287280701754386 0.5190763052208835 0.9232456140350878 0.5220883534136547 0.9122807017543859 0.5200803212851406 0.8980263157894737 0.5090361445783133 0.8859649122807017 0.49497991967871485 0.8837719298245614
0 0.5592369477911646 0.9287280701754386 0.5491967871485943 0.9331140350877193 0.5431726907630522 0.9495614035087719 0.5502008032128514 0.9638157894736842 0.571285140562249 0.9692982456140351 0.5803212851405622 0.9627192982456141 0.5823293172690763 0.9484649122807017 0.5742971887550201 0.9353070175438597 0.5622489959839357 0.9287280701754386
0 0.5481927710843374 0.881578947368421 0.5331325301204819 0.8925438596491229 0.5301204819277109 0.9046052631578947 0.536144578313253 0.9177631578947368 0.5471887550200804 0.9243421052631579 0.5552208835341366 0.9243421052631579 0.5632530120481928 0.9210526315789473 0.5692771084337349 0.9100877192982456 0.570281124497992 0.9002192982456141 0.5662650602409639 0.8925438596491229 0.5512048192771084 0.881578947368421
0 0.4939759036144578 0.8278508771929824 0.47690763052208834 0.8388157894736842 0.4759036144578313 0.8618421052631579 0.49096385542168675 0.8782894736842105 0.5090361445783133 0.8793859649122807 0.5200803212851406 0.8706140350877193 0.5261044176706827 0.8464912280701754 0.5180722891566265 0.8344298245614035 0.5030120481927711 0.8278508771929824
0 0.4422690763052209 0.8212719298245614 0.43373493975903615 0.8223684210526315 0.428714859437751 0.8267543859649122 0.42771084337349397 0.8388157894736842 0.42168674698795183 0.8486842105263158 0.42369477911646586 0.856359649122807 0.4347389558232932 0.8695175438596491 0.45481927710843373 0.8662280701754386 0.4678714859437751 0.8497807017543859 0.4678714859437751 0.8366228070175439 0.463855421686747 0.8267543859649122 0.44779116465863456 0.8212719298245614
0 0.47289156626506024 0.7554824561403509 0.45582329317269077 0.7631578947368421 0.4457831325301205 0.7817982456140351 0.44779116465863456 0.7993421052631579 0.45481927710843373 0.8081140350877193 0.46887550200803213 0.8157894736842105 0.48092369477911645 0.8135964912280702 0.49096385542168675 0.7960526315789473 0.48895582329317266 0.7719298245614035 0.4738955823293173 0.756578947368421
0 0.4206827309236948 0.7149122807017544 0.40763052208835343 0.7324561403508771 0.40763052208835343 0.7576754385964912 0.41164658634538154 0.7675438596491229 0.42168674698795183 0.7763157894736842 0.4347389558232932 0.7785087719298246 0.4427710843373494 0.7741228070175439 0.4497991967871486 0.7642543859649122 0.4538152610441767 0.7401315789473685 0.44779116465863456 0.7225877192982456 0.428714859437751 0.7149122807017544
0 0.35441767068273095 0.7302631578947368 0.3433734939759036 0.7368421052631579 0.33634538152610444 0.7543859649122807 0.32831325301204817 0.7631578947368421 0.3313253012048193 0.7861842105263158 0.3413654618473896 0.8037280701754386 0.35240963855421686 0.8037280701754386 0.3654618473895582 0.7982456140350878 0.37751004016064255 0.7697368421052632 0.37751004016064255 0.7510964912280702 0.3744979919678715 0.743421052631579 0.3654618473895582 0.7324561403508771 0.35642570281124497 0.7302631578947368
0 0.2961847389558233 0.7094298245614035 0.28313253012048195 0.7160087719298246 0.2680722891566265 0.7456140350877193 0.2680722891566265 0.7543859649122807 0.2740963855421687 0.7675438596491229 0.285140562248996 0.7763157894736842 0.29417670682730923 0.7752192982456141 0.3112449799196787 0.7521929824561403 0.3072289156626506 0.7127192982456141 0.2971887550200803 0.7094298245614035
0 0.31877510040160645 0.6348684210526315 0.3042168674698795 0.6403508771929824 0.28313253012048195 0.6677631578947368 0.2821285140562249 0.6842105263157895 0.29518072289156627 0.6995614035087719 0.32429718875502006 0.6995614035087719 0.3373493975903614 0.6853070175438597 0.33835341365461846 0.6546052631578947 0.3313253012048193 0.6403508771929824 0.32429718875502006 0.6348684210526315
0 0.2640562248995984 0.6732456140350878 0.24397590361445784 0.6787280701754386 0.23694779116465864 0.6885964912280702 0.23694779116465864 0.7028508771929824 0.24899598393574296 0.7171052631578947 0.26706827309236947 0.7149122807017544 0.2761044176706827 0.7006578947368421 0.27710843373493976 0.6885964912280702 0.2700803212851406 0.6754385964912281 0.26506024096385544 0.6732456140350878
0 0.2389558232931727 0.7192982456140351 0.22690763052208834 0.7203947368421053 0.21887550200803213 0.7324561403508771 0.22088353413654618 0.7521929824561403 0.22690763052208834 0.7587719298245614 0.2359437751004016 0.7620614035087719 0.25 0.756578947368421 0.25502008032128515 0.7456140350877193 0.25502008032128515 0.7291666666666666 0.24397590361445784 0.7192982456140351
0 0.2469879518072289 0.7719298245614035 0.23092369477911648 0.7774122807017544 0.22389558232931728 0.7960526315789473 0.22690763052208834 0.8092105263157895 0.2359437751004016 0.8201754385964912 0.25502008032128515 0.8245614035087719 0.2680722891566265 0.8135964912280702 0.26907630522088355 0.7982456140350878 0.25502008032128515 0.7741228070175439 0.24799196787148595 0.7719298245614035
0 0.20582329317269077 0.6842105263157895 0.19578313253012047 0.6864035087719298 0.19076305220883535 0.6951754385964912 0.1897590361445783 0.7050438596491229 0.19879518072289157 0.7149122807017544 0.21686746987951808 0.7182017543859649 0.22690763052208834 0.7094298245614035 0.22791164658634538 0.6951754385964912 0.22389558232931728 0.6885964912280702 0.21184738955823293 0.6842105263157895
0 0.1646586345381526 0.6414473684210527 0.15261044176706828 0.6502192982456141 0.1465863453815261 0.6600877192982456 0.14759036144578314 0.6765350877192983 0.1636546184738956 0.6929824561403509 0.18373493975903615 0.694078947368421 0.19477911646586346 0.6787280701754386 0.19678714859437751 0.6666666666666666 0.1927710843373494 0.6546052631578947 0.1857429718875502 0.6469298245614035 0.1716867469879518 0.6414473684210527
0 0.14156626506024098 0.6820175438596491 0.13253012048192772 0.6853070175438597 0.12751004016064257 0.6984649122807017 0.12751004016064257 0.7083333333333334 0.13152610441767068 0.7127192982456141 0.1465863453815261 0.7149122807017544 0.15461847389558234 0.706140350877193 0.1566265060240964 0.6951754385964912 0.14457831325301204 0.6820175438596491
0 0.17369477911646586 0.7017543859649122 0.16164658634538154 0.7028508771929824 0.15562248995983935 0.7127192982456141 0.15562248995983935 0.7225877192982456 0.1606425702811245 0.731359649122807 0.1716867469879518 0.7335526315789473 0.1827309236947791 0.7247807017543859 0.1857429718875502 0.7182017543859649 0.1827309236947791 0.7017543859649122
0 0.19076305220883535 0.7236842105263158 0.18473895582329317 0.7291666666666666 0.1817269076305221 0.7379385964912281 0.1857429718875502 0.7478070175438597 0.19477911646586346 0.7532894736842105 0.20682730923694778 0.7510964912280702 0.21184738955823293 0.7456140350877193 0.21084337349397592 0.731359649122807 0.19979919678714858 0.7236842105263158
0 0.1636546184738956 0.7401315789473685 0.1566265060240964 0.7445175438596491 0.15160642570281124 0.7587719298245614 0.1576305220883534 0.768640350877193 0.1676706827309237 0.7708333333333334 0.178714859437751 0.7697368421052632 0.18373493975903615 0.7631578947368421 0.1817269076305221 0.7478070175438597 0.1716867469879518 0.7401315789473685
0 0.12951807228915663 0.7160087719298246 0.12048192771084337 0.7182017543859649 0.11646586345381527 0.7258771929824561 0.11947791164658635 0.7456140350877193 0.14156626506024098 0.7532894736842105 0.15562248995983935 0.7368421052631579 0.15562248995983935 0.7302631578947368 0.14357429718875503 0.7182017543859649 0.13152610441767068 0.7160087719298246
0 0.12399598393574297 0.7543859649122807 0.11144578313253012 0.7554824561403509 0.10140562248995984 0.7620614035087719 0.09538152610441768 0.7763157894736842 0.09538152610441768 0.7872807017543859 0.10140562248995984 0.8015350877192983 0.12449799196787148 0.8103070175438597 0.13855421686746988 0.8081140350877193 0.15160642570281124 0.7905701754385965 0.15060240963855423 0.7708333333333334 0.14156626506024098 0.7587719298245614 0.13052208835341367 0.7543859649122807
0 0.09437751004016064 0.8070175438596491 0.08132530120481928 0.8168859649122807 0.0783132530120482 0.831140350877193 0.08032128514056225 0.8421052631578947 0.08433734939759036 0.8464912280701754 0.10843373493975904 0.8497807017543859 0.1214859437751004 0.8399122807017544 0.12248995983935743 0.8267543859649122 0.11746987951807229 0.8125 0.10240963855421686 0.8070175438596491
0 0.08785140562248996 0.8519736842105263 0.0783132530120482 0.8530701754385965 0.06827309236947791 0.868421052631579 0.06827309236947791 0.881578947368421 0.07228915662650602 0.8914473684210527 0.08032128514056225 0.8969298245614035 0.09939759036144578 0.8958333333333334 0.11144578313253012 0.8771929824561403 0.10542168674698796 0.8596491228070176 0.09337349397590361 0.8519736842105263
0 0.08634538152610442 0.9024122807017544 0.07429718875502007 0.9024122807017544 0.06626506024096386 0.9111842105263158 0.0642570281124498 0.9276315789473685 0.07329317269076305 0.9407894736842105 0.09136546184738956 0.9407894736842105 0.10441767068273092 0.9265350877192983 0.10542168674698796 0.918859649122807 0.10040160642570281 0.9067982456140351 0.09236947791164658 0.9024122807017544
0 0.08433734939759036 0.9462719298245614 0.07630522088353414 0.9473684210526315 0.071285140562249 0.956140350877193 0.07028112449799197 0.9736842105263158 0.07429718875502007 0.981359649122807 0.09036144578313253 0.9802631578947368 0.09738955823293173 0.9758771929824561 0.09939759036144578 0.9594298245614035 0.09538152610441768 0.9495614035087719 0.0893574297188755 0.9462719298245614
0 0.11646586345381527 0.956140350877193 0.10642570281124498 0.9649122807017544 0.10240963855421686 0.9780701754385965 0.11345381526104417 0.9923245614035088 0.12248995983935743 0.9945175438596491 0.13453815261044177 0.9846491228070176 0.13755020080321284 0.9703947368421053 0.13353413654618473 0.9627192982456141 0.1214859437751004 0.956140350877193
0 0.11144578313253012 0.9298245614035088 0.10341365461847389 0.9353070175438597 0.10140562248995984 0.9462719298245614 0.11244979919678715 0.9539473684210527 0.12449799196787148 0.9462719298245614 0.12449799196787148 0.9353070175438597 0.11646586345381527 0.9298245614035088
0 0.12751004016064257 0.8826754385964912 0.11044176706827309 0.8903508771929824 0.10642570281124498 0.8991228070175439 0.10742971887550201 0.9122807017543859 0.11546184738955824 0.9221491228070176 0.12248995983935743 0.9254385964912281 0.13755020080321284 0.9221491228070176 0.1465863453815261 0.9067982456140351 0.14357429718875503 0.8925438596491229 0.13052208835341367 0.8826754385964912
0 0.15963855421686746 0.8508771929824561 0.14457831325301204 0.8552631578947368 0.14156626506024098 0.8651315789473685 0.14357429718875503 0.881578947368421 0.15562248995983935 0.8903508771929824 0.1706827309236948 0.8881578947368421 0.178714859437751 0.8793859649122807 0.178714859437751 0.8651315789473685 0.17269076305220885 0.8541666666666666 0.16666666666666666 0.8508771929824561
0 0.19477911646586346 0.7971491228070176 0.1857429718875502 0.7993421052631579 0.17771084337349397 0.805921052631579 0.16566265060240964 0.8256578947368421 0.16967871485943775 0.8432017543859649 0.17971887550200802 0.8530701754385965 0.18674698795180722 0.8552631578947368 0.19979919678714858 0.8552631578947368 0.21285140562248997 0.8497807017543859 0.22289156626506024 0.8256578947368421 0.22289156626506024 0.8168859649122807 0.21887550200803213 0.8103070175438597 0.20883534136546184 0.8004385964912281 0.19678714859437751 0.7971491228070176
0 0.20983935742971888 0.8673245614035088 0.1897590361445783 0.8728070175438597 0.18875502008032127 0.893640350877193 0.20080321285140562 0.9078947368421053 0.21987951807228914 0.9057017543859649 0.23092369477911648 0.8892543859649122 0.2248995983935743 0.8717105263157895 0.21184738955823293 0.8673245614035088
0 0.12248995983935743 0.8475877192982456 0.11244979919678715 0.8552631578947368 0.11244979919678715 0.8607456140350878 0.11847389558232932 0.8728070175438597 0.13052208835341367 0.8739035087719298 0.1355421686746988 0.8651315789473685 0.1355421686746988 0.8541666666666666 0.12751004016064257 0.8475877192982456
0 0.142570281124498 0.8146929824561403 0.13152610441767068 0.8168859649122807 0.12751004016064257 0.8245614035087719 0.12951807228915663 0.8410087719298246 0.14056224899598393 0.8464912280701754 0.15461847389558234 0.8421052631578947 0.1576305220883534 0.8366228070175439 0.15562248995983935 0.8234649122807017 0.14457831325301204 0.8146929824561403
0 0.21285140562248997 0.756578947368421 0.19578313253012047 0.7598684210526315 0.18775100401606426 0.768640350877193 0.18775100401606426 0.7796052631578947 0.1927710843373494 0.7861842105263158 0.20381526104417672 0.7905701754385965 0.21385542168674698 0.7894736842105263 0.22188755020080322 0.768640350877193 0.21887550200803213 0.7609649122807017 0.21385542168674698 0.7576754385964912
0 0.2991967871485944 0.7872807017543859 0.28313253012048195 0.7982456140350878 0.2781124497991968 0.8070175438596491 0.27710843373493976 0.8179824561403509 0.28313253012048195 0.8355263157894737 0.2991967871485944 0.8278508771929824 0.30522088353413657 0.8201754385964912 0.3112449799196787 0.7993421052631579 0.3102409638554217 0.7883771929824561 0.30622489959839355 0.7872807017543859
0 0.39056224899598396 0.7752192982456141 0.38052208835341367 0.7927631578947368 0.38353413654618473 0.8168859649122807 0.3885542168674699 0.8267543859649122 0.4046184738955823 0.8278508771929824 0.4146586345381526 0.819078947368421 0.4186746987951807 0.8026315789473685 0.4126506024096386 0.7828947368421053 0.4036144578313253 0.7752192982456141 0.39759036144578314 0.7752192982456141
0 0.39357429718875503 0.6754385964912281 0.3795180722891566 0.6885964912280702 0.3704819277108434 0.7094298245614035 0.37248995983935745 0.7236842105263158 0.3795180722891566 0.7335526315789473 0.4026104417670683 0.7280701754385965 0.41566265060240964 0.7127192982456141 0.41967871485943775 0.6896929824561403 0.40160642570281124 0.6754385964912281
0 0.3644578313253012 0.6392543859649122 0.35040160642570284 0.6480263157894737 0.3473895582329317 0.6600877192982456 0.357429718875502 0.680921052631579 0.36244979919678716 0.6864035087719298 0.36947791164658633 0.6864035087719298 0.3785140562248996 0.6787280701754386 0.3825301204819277 0.6567982456140351 0.38052208835341367 0.6458333333333334 0.36646586345381527 0.6392543859649122
0 0.38353413654618473 0.5942982456140351 0.3654618473895582 0.6107456140350878 0.3714859437751004 0.6326754385964912 0.3785140562248996 0.6392543859649122 0.39357429718875503 0.6326754385964912 0.4046184738955823 0.6140350877192983 0.4046184738955823 0.6019736842105263 0.40160642570281124 0.5964912280701754 0.3845381526104418 0.5942982456140351
0 0.3413654618473896 0.581140350877193 0.3232931726907631 0.5921052631578947 0.31827309236947793 0.6019736842105263 0.32028112449799195 0.625 0.33433734939759036 0.631578947368421 0.35040160642570284 0.6271929824561403 0.35843373493975905 0.6118421052631579 0.35542168674698793 0.5888157894736842 0.35240963855421686 0.5844298245614035 0.34236947791164657 0.581140350877193
0 0.2791164658634538 0.581140350877193 0.26506024096385544 0.5866228070175439 0.25502008032128515 0.6052631578947368 0.26104417670682734 0.6271929824561403 0.2740963855421687 0.6348684210526315 0.29819277108433734 0.6293859649122807 0.30622489959839355 0.6162280701754386 0.3072289156626506 0.606359649122807 0.3032128514056225 0.5921052631578947 0.286144578313253 0.581140350877193
0 0.2600401606425703 0.6392543859649122 0.2520080321285141 0.6425438596491229 0.2469879518072289 0.6502192982456141 0.2469879518072289 0.6600877192982456 0.25502008032128515 0.6666666666666666 0.2680722891566265 0.6655701754385965 0.2751004016064257 0.6546052631578947 0.27309236947791166 0.6447368421052632 0.26104417670682734 0.6392543859649122
0 0.2399598393574297 0.6162280701754386 0.2289156626506024 0.6195175438596491 0.22590361445783133 0.6271929824561403 0.22690763052208834 0.6392543859649122 0.24096385542168675 0.6425438596491229 0.25301204819277107 0.6337719298245614 0.25 0.6195175438596491 0.24497991967871485 0.6162280701754386
0 0.21987951807228914 0.6458333333333334 0.20180722891566266 0.6557017543859649 0.20281124497991967 0.6710526315789473 0.20682730923694778 0.6754385964912281 0.2289156626506024 0.680921052631579 0.24096385542168675 0.6710526315789473 0.24096385542168675 0.6578947368421053 0.23393574297188754 0.6491228070175439 0.22088353413654618 0.6469298245614035
0 0.18875502008032127 0.5910087719298246 0.1716867469879518 0.6052631578947368 0.17269076305220885 0.6085526315789473 0.16666666666666666 0.6151315789473685 0.16666666666666666 0.6293859649122807 0.17771084337349397 0.6403508771929824 0.19578313253012047 0.6502192982456141 0.2178714859437751 0.6370614035087719 0.22389558232931728 0.6151315789473685 0.21184738955823293 0.5932017543859649 0.1897590361445783 0.5910087719298246
0 0.20080321285140562 0.5646929824561403 0.19477911646586346 0.5701754385964912 0.19076305220883535 0.5877192982456141 0.21385542168674698 0.5910087719298246 0.22188755020080322 0.5745614035087719 0.21987951807228914 0.5701754385964912 0.20883534136546184 0.5646929824561403
0 0.23694779116465864 0.5734649122807017 0.2289156626506024 0.5767543859649122 0.22088353413654618 0.5910087719298246 0.22289156626506024 0.6008771929824561 0.23092369477911648 0.6085526315789473 0.24799196787148595 0.6052631578947368 0.2540160642570281 0.5953947368421053 0.25301204819277107 0.5800438596491229 0.2399598393574297 0.5734649122807017
0 0.26506024096385544 0.5394736842105263 0.2540160642570281 0.5427631578947368 0.24799196787148595 0.5570175438596491 0.25301204819277107 0.5734649122807017 0.2620481927710843 0.5778508771929824 0.2740963855421687 0.5756578947368421 0.28112449799196787 0.5679824561403509 0.2821285140562249 0.5493421052631579 0.2700803212851406 0.5394736842105263
0 0.21987951807228914 0.5307017543859649 0.20682730923694778 0.5361842105263158 0.20582329317269077 0.5570175438596491 0.22289156626506024 0.5679824561403509 0.22991967871485944 0.5679824561403509 0.2399598393574297 0.5625 0.24397590361445784 0.5449561403508771 0.2389558232931727 0.5361842105263158 0.2289156626506024 0.5307017543859649
0 0.2429718875502008 0.5 0.23293172690763053 0.5076754385964912 0.2319277108433735 0.5263157894736842 0.24397590361445784 0.5361842105263158 0.25301204819277107 0.5372807017543859 0.26305220883534136 0.5296052631578947 0.26305220883534136 0.5131578947368421 0.26104417670682734 0.506578947368421 0.2520080321285141 0.5
0 0.28112449799196787 0.49890350877192985 0.2680722891566265 0.5087719298245614 0.26907630522088355 0.5274122807017544 0.2781124497991968 0.5372807017543859 0.2931726907630522 0.5383771929824561 0.3042168674698795 0.5307017543859649 0.3042168674698795 0.5131578947368421 0.2961847389558233 0.5021929824561403 0.28714859437751006 0.49890350877192985
0 0.3092369477911647 0.5372807017543859 0.2971887550200803 0.5416666666666666 0.2891566265060241 0.5526315789473685 0.29116465863453816 0.5723684210526315 0.3032128514056225 0.5822368421052632 0.32028112449799195 0.5778508771929824 0.3293172690763052 0.5614035087719298 0.32831325301204817 0.5460526315789473 0.3152610441767068 0.5372807017543859
0 0.35542168674698793 0.5317982456140351 0.3413654618473896 0.5394736842105263 0.33634538152610444 0.5515350877192983 0.3413654618473896 0.5723684210526315 0.35040160642570284 0.5789473684210527 0.3654618473895582 0.5756578947368421 0.3704819277108434 0.5701754385964912 0.37349397590361444 0.555921052631579 0.3654618473895582 0.5361842105263158 0.35642570281124497 0.5328947368421053
0 0.3253012048192771 0.4967105263157895 0.3132530120481928 0.5043859649122807 0.3102409638554217 0.5197368421052632 0.31626506024096385 0.5307017543859649 0.33433734939759036 0.5372807017543859 0.34437751004016065 0.5296052631578947 0.3493975903614458 0.5120614035087719 0.3433734939759036 0.5032894736842105 0.33032128514056225 0.4967105263157895
0 0.37650602409638556 0.4824561403508772 0.36947791164658633 0.4824561403508772 0.3614457831325301 0.48903508771929827 0.35642570281124497 0.5087719298245614 0.3614457831325301 0.5241228070175439 0.37248995983935745 0.5350877192982456 0.3845381526104418 0.5394736842105263 0.39959839357429716 0.5328947368421053 0.4026104417670683 0.5109649122807017 0.4006024096385542 0.5 0.39357429718875503 0.48903508771929827 0.38353413654618473 0.4824561403508772
0 0.46887550200803213 0.5087719298245614 0.45883534136546184 0.5120614035087719 0.44879518072289154 0.5219298245614035 0.44477911646586343 0.5372807017543859 0.44879518072289154 0.5581140350877193 0.46586345381526106 0.5756578947368421 0.4879518072289157 0.5712719298245614 0.49497991967871485 0.5635964912280702 0.5 0.5460526315789473 0.5 0.5263157894736842 0.4959839357429719 0.5175438596491229 0.4839357429718876 0.5098684210526315 0.4718875502008032 0.5087719298245614
0 0.5291164658634538 0.5504385964912281 0.5080321285140562 0.5570175438596491 0.49698795180722893 0.5712719298245614 0.49698795180722893 0.5953947368421053 0.5090361445783133 0.606359649122807 0.5180722891566265 0.606359649122807 0.5341365461847389 0.5997807017543859 0.5451807228915663 0.5844298245614035 0.5421686746987951 0.5646929824561403 0.536144578313253 0.5537280701754386 0.5301204819277109 0.5504385964912281
0 0.4859437751004016 0.6041666666666666 0.46686746987951805 0.6085526315789473 0.4598393574297189 0.6260964912280702 0.463855421686747 0.6458333333333334 0.4738955823293173 0.6589912280701754 0.4799196787148594 0.6611842105263158 0.4919678714859438 0.6589912280701754 0.5020080321285141 0.6513157894736842 0.5100401606425703 0.6304824561403509 0.5080321285140562 0.6151315789473685 0.5040160642570282 0.6173245614035088 0.5040160642570282 0.6118421052631579 0.501004016064257 0.6129385964912281 0.49096385542168675 0.6041666666666666
0 0.5371485943775101 0.631578947368421 0.5210843373493976 0.6370614035087719 0.5080321285140562 0.6578947368421053 0.5120481927710844 0.6743421052631579 0.5170682730923695 0.6798245614035088 0.535140562248996 0.6875 0.5512048192771084 0.6831140350877193 0.5632530120481928 0.6633771929824561 0.5592369477911646 0.6469298245614035 0.5502008032128514 0.6359649122807017 0.5401606425702812 0.631578947368421
0 0.5672690763052208 0.5877192982456141 0.5491967871485943 0.5910087719298246 0.5431726907630522 0.6041666666666666 0.5471887550200804 0.618421052631579 0.5542168674698795 0.6260964912280702 0.570281124497992 0.6326754385964912 0.5783132530120482 0.6304824561403509 0.5853413654618473 0.6162280701754386 0.5823293172690763 0.5964912280701754 0.5732931726907631 0.5877192982456141
0 0.4528112449799197 0.5833333333333334 0.44176706827309237 0.5899122807017544 0.43373493975903615 0.6008771929824561 0.4327309236947791 0.6140350877192983 0.4397590361445783 0.6239035087719298 0.4538152610441767 0.6217105263157895 0.463855421686747 0.6085526315789473 0.464859437751004 0.5932017543859649 0.4578313253012048 0.5833333333333334
0 0.41365461847389556 0.6195175438596491 0.4086345381526104 0.6217105263157895 0.4046184738955823 0.6293859649122807 0.40160642570281124 0.6392543859649122 0.4026104417670683 0.6513157894736842 0.40763052208835343 0.6611842105263158 0.41967871485943775 0.6644736842105263 0.4357429718875502 0.6491228070175439 0.4367469879518072 0.6326754385964912 0.42570281124497994 0.6206140350877193 0.4146586345381526 0.6195175438596491
0 0.4929718875502008 0.6699561403508771 0.4789156626506024 0.6765350877192983 0.4789156626506024 0.6973684210526315 0.49497991967871485 0.6962719298245614 0.5050200803212851 0.6864035087719298 0.5050200803212851 0.6743421052631579 0.4979919678714859 0.6699561403508771
0 0.5160642570281124 0.6875 0.5040160642570282 0.6951754385964912 0.5030120481927711 0.7039473684210527 0.5060240963855421 0.7127192982456141 0.5180722891566265 0.7225877192982456 0.5291164658634538 0.7192982456140351 0.5371485943775101 0.7094298245614035 0.535140562248996 0.6962719298245614 0.5220883534136547 0.6875
0 0.4859437751004016 0.7182017543859649 0.4789156626506024 0.7192982456140351 0.47289156626506024 0.7258771929824561 0.4718875502008032 0.7401315789473685 0.4748995983935743 0.7543859649122807 0.49096385542168675 0.7664473684210527 0.5070281124497992 0.7609649122807017 0.5140562248995983 0.7412280701754386 0.5140562248995983 0.7335526315789473 0.5100401606425703 0.7269736842105263 0.49497991967871485 0.7182017543859649
0 0.536144578313253 0.7401315789473685 0.5251004016064257 0.7445175438596491 0.5150602409638554 0.7554824561403509 0.5140562248995983 0.7708333333333334 0.5170682730923695 0.7796052631578947 0.5230923694779116 0.7839912280701754 0.5441767068273092 0.7796052631578947 0.5522088353413654 0.7697368421052632 0.5542168674698795 0.7543859649122807 0.5512048192771084 0.7467105263157895 0.5431726907630522 0.7401315789473685
0 0.5110441767068273 0.7861842105263158 0.5 0.7949561403508771 0.49698795180722893 0.8212719298245614 0.5110441767068273 0.8278508771929824 0.5200803212851406 0.8278508771929824 0.5331325301204819 0.8212719298245614 0.536144578313253 0.805921052631579 0.5311244979919679 0.7971491228070176 0.5180722891566265 0.7861842105263158
0 0.5542168674698795 0.8114035087719298 0.5461847389558233 0.8146929824561403 0.5441767068273092 0.8267543859649122 0.5471887550200804 0.8344298245614035 0.5612449799196787 0.8366228070175439 0.5672690763052208 0.8333333333333334 0.570281124497992 0.8245614035087719 0.5672690763052208 0.8157894736842105 0.5592369477911646 0.8114035087719298
0 0.5451807228915663 0.8442982456140351 0.5381526104417671 0.8508771929824561 0.5401606425702812 0.8640350877192983 0.5502008032128514 0.8728070175438597 0.5652610441767069 0.8695175438596491 0.5682730923694779 0.8651315789473685 0.5672690763052208 0.856359649122807 0.5592369477911646 0.8464912280701754 0.5522088353413654 0.8442982456140351
0 0.45180722891566266 0.6469298245614035 0.4387550200803213 0.6502192982456141 0.42168674698795183 0.6677631578947368 0.42570281124497994 0.6896929824561403 0.4357429718875502 0.6973684210526315 0.4568273092369478 0.6962719298245614 0.464859437751004 0.6896929824561403 0.47289156626506024 0.6732456140350878 0.46987951807228917 0.6600877192982456 0.4528112449799197 0.6480263157894737
0 0.41767068273092367 0.5592105263157895 0.40963855421686746 0.5646929824561403 0.40562248995983935 0.5822368421052632 0.4106425702811245 0.5921052631578947 0.42369477911646586 0.5964912280701754 0.43172690763052207 0.5877192982456141 0.43373493975903615 0.5701754385964912 0.4226907630522088 0.5592105263157895
0 0.4206827309236948 0.5010964912280702 0.40963855421686746 0.5142543859649122 0.40963855421686746 0.543859649122807 0.41767068273092367 0.5504385964912281 0.4246987951807229 0.5515350877192983 0.4387550200803213 0.5350877192982456 0.4407630522088353 0.5241228070175439 0.4327309236947791 0.5043859649122807 0.42168674698795183 0.5010964912280702
0 0.4146586345381526 0.44627192982456143 0.39959839357429716 0.4517543859649123 0.392570281124498 0.46600877192982454 0.3985943775100402 0.4824561403508772 0.40963855421686746 0.4901315789473684 0.4186746987951807 0.4901315789473684 0.42570281124497994 0.48464912280701755 0.43373493975903615 0.46271929824561403 0.43172690763052207 0.45285087719298245 0.4186746987951807 0.44627192982456143
0 0.45883534136546184 0.4594298245614035 0.44779116465863456 0.4649122807017544 0.43775100401606426 0.4824561403508772 0.4397590361445783 0.49890350877192985 0.44879518072289154 0.5054824561403509 0.46285140562248994 0.5043859649122807 0.4738955823293173 0.48355263157894735 0.4738955823293173 0.4692982456140351 0.463855421686747 0.4594298245614035
0 0.5110441767068273 0.44846491228070173 0.4929718875502008 0.45614035087719296 0.48493975903614456 0.47039473684210525 0.4859437751004016 0.48903508771929827 0.4899598393574297 0.5010964912280702 0.5040160642570282 0.5142543859649122 0.5331325301204819 0.5098684210526315 0.5461847389558233 0.49780701754385964 0.5471887550200804 0.4791666666666667 0.5441767068273092 0.4682017543859649 0.5371485943775101 0.4583333333333333 0.5190763052208835 0.44846491228070173
0 0.5542168674698795 0.5043859649122807 0.5431726907630522 0.5109649122807017 0.5391566265060241 0.5175438596491229 0.5391566265060241 0.5427631578947368 0.5481927710843374 0.5548245614035088 0.5763052208835341 0.5504385964912281 0.5813253012048193 0.543859649122807 0.5873493975903614 0.5219298245614035 0.5742971887550201 0.5087719298245614 0.5582329317269076 0.5043859649122807
0 0.5692771084337349 0.45394736842105265 0.5552208835341366 0.4649122807017544 0.5552208835341366 0.49122807017543857 0.5652610441767069 0.5021929824561403 0.5903614457831325 0.5131578947368421 0.6034136546184738 0.5021929824561403 0.6114457831325302 0.4901315789473684 0.6134538152610441 0.48026315789473684 0.6094377510040161 0.47039473684210525 0.6014056224899599 0.46271929824561403 0.572289156626506 0.45394736842105265
0 0.6345381526104418 0.49451754385964913 0.6265060240963856 0.4967105263157895 0.6114457831325302 0.5109649122807017 0.6124497991967871 0.5328947368421053 0.6154618473895582 0.543859649122807 0.6214859437751004 0.5515350877192983 0.6285140562248996 0.555921052631579 0.643574297188755 0.5570175438596491 0.6576305220883534 0.5493421052631579 0.6646586345381527 0.5339912280701754 0.6656626506024096 0.5208333333333334 0.6566265060240963 0.5021929824561403 0.6375502008032129 0.49451754385964913
0 0.5983935742971888 0.5460526315789473 0.5893574297188755 0.5482456140350878 0.5803212851405622 0.5581140350877193 0.5803212851405622 0.5822368421052632 0.5913654618473896 0.5975877192982456 0.6164658634538153 0.5964912280701754 0.6234939759036144 0.5855263157894737 0.6214859437751004 0.5657894736842105 0.6114457831325302 0.5493421052631579 0.5993975903614458 0.5471491228070176
0 0.3373493975903614 0.4616228070175439 0.33032128514056225 0.46710526315789475 0.3273092369477912 0.4824561403508772 0.33835341365461846 0.4923245614035088 0.34839357429718876 0.4934210526315789 0.35642570281124497 0.4868421052631579 0.357429718875502 0.4780701754385965 0.35240963855421686 0.4682017543859649 0.3433734939759036 0.4616228070175439
0 0.30120481927710846 0.46271929824561403 0.286144578313253 0.4758771929824561 0.28815261044176704 0.4868421052631579 0.3002008032128514 0.4967105263157895 0.3092369477911647 0.4967105263157895 0.321285140562249 0.4868421052631579 0.31827309236947793 0.46710526315789475 0.30823293172690763 0.46271929824561403
0 0.2600401606425703 0.4594298245614035 0.24899598393574296 0.47368421052631576 0.24799196787148595 0.48793859649122806 0.25 0.4956140350877193 0.2660642570281124 0.5 0.28112449799196787 0.4901315789473684 0.2821285140562249 0.4769736842105263 0.2781124497991968 0.4682017543859649 0.26305220883534136 0.4594298245614035
0 0.2399598393574297 0.47478070175438597 0.2319277108433735 0.4780701754385965 0.22188755020080322 0.48903508771929827 0.2178714859437751 0.49780701754385964 0.21987951807228914 0.5032894736842105 0.23493975903614459 0.5010964912280702 0.2459839357429719 0.4934210526315789 0.24497991967871485 0.4780701754385965 0.24096385542168675 0.47478070175438597
0 0.28012048192771083 0.4232456140350877 0.2680722891566265 0.43201754385964913 0.2640562248995984 0.4451754385964912 0.2660642570281124 0.45394736842105265 0.2791164658634538 0.4649122807017544 0.29518072289156627 0.4594298245614035 0.3032128514056225 0.44627192982456143 0.3002008032128514 0.4309210526315789 0.28714859437751006 0.4232456140350877
0 0.3232931726907631 0.42543859649122806 0.3102409638554217 0.4309210526315789 0.3072289156626506 0.4375 0.3092369477911647 0.4506578947368421 0.321285140562249 0.4594298245614035 0.3273092369477912 0.4594298245614035 0.3393574297188755 0.44956140350877194 0.33634538152610444 0.4331140350877193 0.3273092369477912 0.42543859649122806
0 0.3649598393574297 0.42653508771929827 0.3514056224899598 0.4309210526315789 0.3473895582329317 0.43969298245614036 0.3473895582329317 0.4517543859649123 0.35943775100401604 0.4682017543859649 0.3654618473895582 0.47039473684210525 0.3815261044176707 0.46710526315789475 0.38755020080321284 0.4550438596491228 0.3845381526104418 0.43969298245614036 0.3714859437751004 0.42653508771929827
0 0.33433734939759036 0.40131578947368424 0.33032128514056225 0.40789473684210525 0.33032128514056225 0.4199561403508772 0.34236947791164657 0.42872807017543857 0.35040160642570284 0.4232456140350877 0.35240963855421686 0.4133771929824561 0.3473895582329317 0.40460526315789475 0.3353413654618474 0.40131578947368424
0 0.30220883534136544 0.37609649122807015 0.2891566265060241 0.38377192982456143 0.28313253012048195 0.3925438596491228 0.28012048192771083 0.40789473684210525 0.28413654618473894 0.41776315789473684 0.3032128514056225 0.42653508771929827 0.3253012048192771 0.41776315789473684 0.32630522088353414 0.3958333333333333 0.3112449799196787 0.37609649122807015
0 0.33634538152610444 0.3399122807017544 0.32028112449799195 0.3519736842105263 0.31827309236947793 0.37390350877192985 0.3333333333333333 0.39473684210526316 0.34839357429718876 0.3980263157894737 0.3604417670682731 0.38706140350877194 0.3634538152610442 0.3651315789473684 0.35843373493975905 0.3530701754385965 0.3453815261044177 0.3399122807017544
0 0.40763052208835343 0.3980263157894737 0.3885542168674699 0.40350877192982454 0.3825301204819277 0.41776315789473684 0.38755020080321284 0.43201754385964913 0.39959839357429716 0.4407894736842105 0.41566265060240964 0.4375 0.42168674698795183 0.4276315789473684 0.4206827309236948 0.41118421052631576 0.4086345381526104 0.3991228070175439
0 0.3654618473895582 0.3892543859649123 0.3534136546184739 0.40350877192982454 0.35542168674698793 0.41228070175438597 0.36244979919678716 0.41776315789473684 0.3744979919678715 0.41776315789473684 0.3785140562248996 0.4133771929824561 0.3795180722891566 0.40460526315789475 0.3744979919678715 0.39473684210526316 0.36646586345381527 0.39035087719298245
0 0.44176706827309237 0.41228070175438597 0.43172690763052207 0.41776315789473684 0.42971887550200805 0.4375 0.4357429718875502 0.44846491228070173 0.4457831325301205 0.45285087719298245 0.45582329317269077 0.4506578947368421 0.464859437751004 0.4407894736842105 0.4608433734939759 0.4243421052631579 0.4497991967871486 0.41228070175438597
0 0.5100401606425703 0.3969298245614035 0.4929718875502008 0.4024122807017544 0.48694779116465864 0.41228070175438597 0.4859437751004016 0.4331140350877193 0.4939759036144578 0.44298245614035087 0.5190763052208835 0.4418859649122807 0.5281124497991968 0.4276315789473684 0.5301204819277109 0.42105263157894735 0.5261044176706827 0.4057017543859649 0.5120481927710844 0.3969298245614035
0 0.46285140562248994 0.3684210526315789 0.4508032128514056 0.38048245614035087 0.4528112449799197 0.4057017543859649 0.46184738955823296 0.4166666666666667 0.4779116465863454 0.4155701754385965 0.48493975903614456 0.4067982456140351 0.48895582329317266 0.39473684210526316 0.4879518072289157 0.3815789473684211 0.48493975903614456 0.37609649122807015 0.463855421686747 0.3684210526315789
0 0.42168674698795183 0.3684210526315789 0.41365461847389556 0.375 0.4126506024096386 0.39144736842105265 0.4226907630522088 0.40350877192982454 0.4327309236947791 0.4067982456140351 0.4407630522088353 0.40021929824561403 0.4427710843373494 0.38377192982456143 0.4367469879518072 0.37280701754385964 0.428714859437751 0.3684210526315789
0 0.392570281124498 0.35635964912280704 0.37751004016064255 0.3607456140350877 0.3684738955823293 0.37280701754385964 0.3704819277108434 0.3848684210526316 0.3825301204819277 0.3958333333333333 0.4006024096385542 0.3925438596491228 0.40562248995983935 0.38706140350877194 0.4066265060240964 0.3706140350877193 0.39558232931726905 0.35635964912280704
0 0.5522088353413654 0.3815789473684211 0.5461847389558233 0.38377192982456143 0.536144578313253 0.3969298245614035 0.535140562248996 0.42105263157894735 0.5552208835341366 0.4331140350877193 0.5612449799196787 0.43201754385964913 0.5692771084337349 0.4243421052631579 0.5753012048192772 0.40789473684210525 0.5732931726907631 0.39144736842105265 0.5612449799196787 0.3815789473684211
0 0.5983935742971888 0.6217105263157895 0.5893574297188755 0.6282894736842105 0.5853413654618473 0.6370614035087719 0.5863453815261044 0.6600877192982456 0.5973895582329317 0.6721491228070176 0.6194779116465864 0.6710526315789473 0.6275100401606426 0.6567982456140351 0.6224899598393574 0.6271929824561403 0.6024096385542169 0.6217105263157895
0 0.6345381526104418 0.6611842105263158 0.6255020080321285 0.6710526315789473 0.6275100401606426 0.6918859649122807 0.6385542168674698 0.7039473684210527 0.6546184738955824 0.7039473684210527 0.6626506024096386 0.6951754385964912 0.6616465863453815 0.6831140350877193 0.6485943775100401 0.6622807017543859 0.6385542168674698 0.6611842105263158
0 0.5753012048192772 0.6666666666666666 0.5652610441767069 0.6743421052631579 0.5602409638554217 0.6853070175438597 0.5632530120481928 0.6951754385964912 0.5742971887550201 0.7028508771929824 0.5893574297188755 0.6984649122807017 0.5953815261044176 0.6831140350877193 0.5933734939759037 0.6765350877192983 0.5803212851405622 0.6666666666666666
0 0.6114457831325302 0.6962719298245614 0.6004016064257028 0.7006578947368421 0.5993975903614458 0.7138157894736842 0.607429718875502 0.7247807017543859 0.6184738955823293 0.7324561403508771 0.6265060240963856 0.7335526315789473 0.6335341365461847 0.7269736842105263 0.6345381526104418 0.7127192982456141 0.6295180722891566 0.7006578947368421 0.6164658634538153 0.6962719298245614
0 0.5562248995983936 0.706140350877193 0.5451807228915663 0.7160087719298246 0.5411646586345381 0.7291666666666666 0.5441767068273092 0.7379385964912281 0.5532128514056225 0.743421052631579 0.570281124497992 0.7390350877192983 0.5773092369477911 0.7269736842105263 0.5753012048192772 0.7149122807017544 0.5642570281124498 0.706140350877193
0 0.5863453815261044 0.7302631578947368 0.5773092369477911 0.7368421052631579 0.5773092369477911 0.7478070175438597 0.5833333333333334 0.7587719298245614 0.5983935742971888 0.7620614035087719 0.608433734939759 0.7543859649122807 0.6094377510040161 0.7467105263157895 0.5933734939759037 0.7302631578947368
0 0.570281124497992 0.7631578947368421 0.5602409638554217 0.7664473684210527 0.5582329317269076 0.7828947368421053 0.5642570281124498 0.7993421052631579 0.5763052208835341 0.8015350877192983 0.5873493975903614 0.7971491228070176 0.5913654618473896 0.7752192982456141 0.5863453815261044 0.768640350877193 0.571285140562249 0.7631578947368421
0 0.6124497991967871 0.7861842105263158 0.6024096385542169 0.793859649122807 0.6014056224899599 0.8070175438596491 0.6044176706827309 0.8157894736842105 0.6134538152610441 0.8201754385964912 0.6265060240963856 0.8146929824561403 0.6305220883534136 0.805921052631579 0.6285140562248996 0.7927631578947368 0.6204819277108434 0.7861842105263158
0 0.5953815261044176 0.8223684210526315 0.5873493975903614 0.8289473684210527 0.5903614457831325 0.8410087719298246 0.5953815261044176 0.8464912280701754 0.6054216867469879 0.8486842105263158 0.6114457831325302 0.8410087719298246 0.6124497991967871 0.831140350877193 0.6054216867469879 0.8234649122807017 0.5963855421686747 0.8234649122807017
0 0.5903614457831325 0.8574561403508771 0.5813253012048193 0.8629385964912281 0.5833333333333334 0.8760964912280702 0.5913654618473896 0.8848684210526315 0.6014056224899599 0.8848684210526315 0.606425702811245 0.8782894736842105 0.6054216867469879 0.8651315789473685 0.6014056224899599 0.8596491228070176 0.5913654618473896 0.8574561403508771
0 0.5893574297188755 0.8914473684210527 0.5793172690763052 0.8980263157894737 0.5773092369477911 0.9078947368421053 0.5853413654618473 0.9177631578947368 0.5953815261044176 0.9199561403508771 0.6024096385542169 0.9133771929824561 0.6034136546184738 0.9024122807017544 0.5943775100401606 0.8914473684210527
0 0.6265060240963856 0.7587719298245614 0.6214859437751004 0.7620614035087719 0.6184738955823293 0.7763157894736842 0.6295180722891566 0.7850877192982456 0.6345381526104418 0.7839912280701754 0.6405622489959839 0.7752192982456141 0.6405622489959839 0.768640350877193 0.6325301204819277 0.7587719298245614
0 0.6506024096385542 0.7280701754385965 0.6405622489959839 0.7291666666666666 0.6355421686746988 0.7368421052631579 0.6355421686746988 0.7510964912280702 0.6395582329317269 0.7587719298245614 0.6475903614457831 0.7631578947368421 0.6606425702811245 0.7587719298245614 0.6646586345381527 0.7521929824561403 0.6636546184738956 0.7346491228070176 0.6566265060240963 0.7280701754385965
0 0.6746987951807228 0.6984649122807017 0.6636546184738956 0.7094298245614035 0.6616465863453815 0.7214912280701754 0.6646586345381527 0.7291666666666666 0.6716867469879518 0.7346491228070176 0.6847389558232931 0.731359649122807 0.6927710843373494 0.7160087719298246 0.6887550200803213 0.7050438596491229 0.6827309236947792 0.6984649122807017 0.6767068273092369 0.6984649122807017
0 0.6947791164658634 0.6710526315789473 0.6867469879518072 0.6798245614035088 0.6877510040160643 0.6973684210526315 0.6917670682730924 0.7039473684210527 0.7058232931726908 0.7083333333333334 0.7168674698795181 0.7028508771929824 0.7198795180722891 0.6951754385964912 0.713855421686747 0.6776315789473685 0.7038152610441767 0.6710526315789473
0 0.6746987951807228 0.631578947368421 0.6576305220883534 0.6348684210526315 0.6536144578313253 0.643640350877193 0.6546184738955824 0.6622807017543859 0.6666666666666666 0.6765350877192983 0.6807228915662651 0.6765350877192983 0.6877510040160643 0.6677631578947368 0.6857429718875502 0.6392543859649122 0.6757028112449799 0.6326754385964912
0 0.6422359437751004 0.5877192982456141 0.6295180722891566 0.5888157894736842 0.6224899598393574 0.6041666666666666 0.6255020080321285 0.6195175438596491 0.6385542168674698 0.6304824561403509 0.6526104417670683 0.6282894736842105 0.6586345381526104 0.6118421052631579 0.6586345381526104 0.5975877192982456 0.6475903614457831 0.5877192982456141
0 0.6752008032128514 0.555921052631579 0.6586345381526104 0.5603070175438597 0.6556224899598394 0.5646929824561403 0.6566265060240963 0.5756578947368421 0.6646586345381527 0.5975877192982456 0.6857429718875502 0.6030701754385965 0.6907630522088354 0.5921052631578947 0.6927710843373494 0.5701754385964912 0.6807228915662651 0.555921052631579
0 0.6044176706827309 0.42214912280701755 0.5943775100401606 0.43530701754385964 0.5943775100401606 0.44627192982456143 0.6044176706827309 0.4583333333333333 0.6154618473895582 0.4616228070175439 0.6234939759036144 0.4517543859649123 0.6255020080321285 0.4418859649122807 0.6194779116465864 0.4276315789473684 0.607429718875502 0.42214912280701755
0 0.6506024096385542 0.3848684210526316 0.6385542168674698 0.3881578947368421 0.6315261044176707 0.40021929824561403 0.6345381526104418 0.42543859649122806 0.641566265060241 0.43530701754385964 0.6475903614457831 0.4375 0.6616465863453815 0.43640350877192985 0.6686746987951807 0.4276315789473684 0.6686746987951807 0.40350877192982454 0.6636546184738956 0.3925438596491228 0.6556224899598394 0.3848684210526316
0 0.6054216867469879 0.35526315789473684 0.5883534136546185 0.3618421052631579 0.5803212851405622 0.37609649122807015 0.5813253012048193 0.3892543859649123 0.5893574297188755 0.40350877192982454 0.6004016064257028 0.4100877192982456 0.6194779116465864 0.4067982456140351 0.6255020080321285 0.3881578947368421 0.6234939759036144 0.3706140350877193 0.6174698795180723 0.3607456140350877 0.6094377510040161 0.35526315789473684
0 0.3815261044176707 0.8322368421052632 0.36947791164658633 0.8377192982456141 0.3684738955823293 0.8464912280701754 0.3654618473895582 0.8486842105263158 0.36947791164658633 0.8640350877192983 0.37349397590361444 0.8673245614035088 0.4006024096385542 0.8695175438596491 0.41164658634538154 0.8585526315789473 0.4126506024096386 0.8475877192982456 0.40963855421686746 0.8388157894736842 0.4026104417670683 0.8344298245614035 0.3845381526104418 0.8322368421052632
0 0.36947791164658633 0.31469298245614036 0.35642570281124497 0.31798245614035087 0.3493975903614458 0.33114035087719296 0.35441767068273095 0.34539473684210525 0.3654618473895582 0.35635964912280704 0.39056224899598396 0.3508771929824561 0.3965863453815261 0.33771929824561403 0.392570281124498 0.32456140350877194 0.38353413654618473 0.3157894736842105 0.3795180722891566 0.31798245614035087 0.3755020080321285 0.31469298245614036
0 0.4126506024096386 0.33114035087719296 0.4036144578313253 0.3344298245614035 0.39959839357429716 0.3475877192982456 0.4026104417670683 0.35635964912280704 0.4106425702811245 0.36293859649122806 0.4226907630522088 0.35964912280701755 0.42771084337349397 0.3530701754385965 0.42771084337349397 0.3399122807017544 0.42168674698795183 0.33114035087719296
0 0.44477911646586343 0.3442982456140351 0.4357429718875502 0.34868421052631576 0.43373493975903615 0.3574561403508772 0.4387550200803213 0.3673245614035088 0.4508032128514056 0.3717105263157895 0.45582329317269077 0.3673245614035088 0.4568273092369478 0.35855263157894735 0.44879518072289154 0.3442982456140351
0 0.48293172690763053 0.3157894736842105 0.47289156626506024 0.3168859649122807 0.46184738955823296 0.3256578947368421 0.45883534136546184 0.33114035087719296 0.45883534136546184 0.3432017543859649 0.46987951807228917 0.36293859649122806 0.49096385542168675 0.36951754385964913 0.5040160642570282 0.3607456140350877 0.5080321285140562 0.34100877192982454 0.5050200803212851 0.32785087719298245 0.48895582329317266 0.3157894736842105
0 0.5210843373493976 0.35635964912280704 0.5070281124497992 0.3673245614035088 0.5100401606425703 0.38706140350877194 0.5170682730923695 0.3958333333333333 0.5301204819277109 0.39364035087719296 0.5411646586345381 0.37719298245614036 0.5331325301204819 0.3607456140350877 0.5251004016064257 0.35635964912280704
0 0.4387550200803213 0.31030701754385964 0.43172690763052207 0.31140350877192985 0.42570281124497994 0.32127192982456143 0.4267068273092369 0.33114035087719296 0.4347389558232932 0.3399122807017544 0.4457831325301205 0.33881578947368424 0.45180722891566266 0.33114035087719296 0.4508032128514056 0.3201754385964912 0.4397590361445783 0.31140350877192985
0 0.40562248995983935 0.29385964912280704 0.39357429718875503 0.2993421052631579 0.3865461847389558 0.30701754385964913 0.40160642570281124 0.32894736842105265 0.41967871485943775 0.3256578947368421 0.4226907630522088 0.32127192982456143 0.42369477911646586 0.30701754385964913 0.40963855421686746 0.29385964912280704
0 0.43172690763052207 0.2774122807017544 0.4166666666666667 0.28618421052631576 0.4166666666666667 0.2916666666666667 0.42771084337349397 0.3048245614035088 0.4397590361445783 0.30372807017543857 0.44477911646586343 0.29714912280701755 0.44477911646586343 0.2883771929824561 0.4357429718875502 0.2774122807017544
0 0.45180722891566266 0.24671052631578946 0.4397590361445783 0.26206140350877194 0.4407630522088353 0.27521929824561403 0.4508032128514056 0.2905701754385965 0.463855421686747 0.29385964912280704 0.47289156626506024 0.2883771929824561 0.48092369477911645 0.27521929824561403 0.47690763052208834 0.2576754385964912 0.4608433734939759 0.24671052631578946
0 0.45180722891566266 0.29605263157894735 0.4467871485943775 0.30043859649122806 0.4457831325301205 0.30701754385964913 0.45180722891566266 0.3168859649122807 0.4598393574297189 0.3190789473684211 0.46686746987951805 0.31359649122807015 0.4678714859437751 0.30701754385964913 0.46285140562248994 0.2993421052631579 0.4528112449799197 0.29605263157894735
0 0.4799196787148594 0.2894736842105263 0.4708835341365462 0.29605263157894735 0.4708835341365462 0.3026315789473684 0.47690763052208834 0.3092105263157895 0.48694779116465864 0.3092105263157895 0.49096385542168675 0.3059210526315789 0.48895582329317266 0.2949561403508772 0.48092369477911645 0.2905701754385965
0 0.5060240963855421 0.28728070175438597 0.4979919678714859 0.29605263157894735 0.4979919678714859 0.3081140350877193 0.5060240963855421 0.32127192982456143 0.5160642570281124 0.3223684210526316 0.5261044176706827 0.31469298245614036 0.5271084337349398 0.30153508771929827 0.5180722891566265 0.2894736842105263 0.5120481927710844 0.28728070175438597
0 0.5281124497991968 0.3256578947368421 0.5210843373493976 0.32785087719298245 0.5170682730923695 0.3333333333333333 0.5170682730923695 0.34100877192982454 0.5240963855421686 0.34978070175438597 0.535140562248996 0.34868421052631576 0.5411646586345381 0.33881578947368424 0.5391566265060241 0.33114035087719296 0.5291164658634538 0.3256578947368421
0 0.5612449799196787 0.34100877192982454 0.5532128514056225 0.3432017543859649 0.5461847389558233 0.35526315789473684 0.5481927710843374 0.36951754385964913 0.5592369477911646 0.37609649122807015 0.570281124497992 0.3717105263157895 0.5753012048192772 0.3618421052631579 0.5742971887550201 0.34978070175438597 0.5672690763052208 0.34100877192982454
0 0.5542168674698795 0.2817982456140351 0.5431726907630522 0.28289473684210525 0.5341365461847389 0.29605263157894735 0.5341365461847389 0.3081140350877193 0.5381526104417671 0.31798245614035087 0.5491967871485943 0.32785087719298245 0.5642570281124498 0.3256578947368421 0.571285140562249 0.3092105263157895 0.572289156626506 0.2982456140350877 0.5602409638554217 0.2817982456140351
0 0.5883534136546185 0.26096491228070173 0.5773092369477911 0.2675438596491228 0.5742971887550201 0.2850877192982456 0.5823293172690763 0.30372807017543857 0.5983935742971888 0.3092105263157895 0.6134538152610441 0.30043859649122806 0.6164658634538153 0.27960526315789475 0.6024096385542169 0.26206140350877194 0.5913654618473896 0.26096491228070173
0 0.6887550200803213 0.34649122807017546 0.678714859437751 0.34978070175438597 0.6696787148594378 0.35855263157894735 0.6676706827309237 0.38048245614035087 0.6726907630522089 0.3958333333333333 0.679718875502008 0.40350877192982454 0.6987951807228916 0.40789473684210525 0.7128514056224899 0.39364035087719296 0.7168674698795181 0.37390350877192985 0.7098393574297188 0.3508771929824561 0.6977911646586346 0.34649122807017546 0.6897590361445783 0.3475877192982456
0 0.6757028112449799 0.29385964912280704 0.6676706827309237 0.29714912280701755 0.6616465863453815 0.31359649122807015 0.6636546184738956 0.32894736842105265 0.6716867469879518 0.3355263157894737 0.6837349397590361 0.33223684210526316 0.6997991967871486 0.3190789473684211 0.6967871485943775 0.30153508771929827 0.6897590361445783 0.29605263157894735 0.678714859437751 0.29385964912280704
0 0.6837349397590361 0.21710526315789475 0.6686746987951807 0.21929824561403508 0.6576305220883534 0.23135964912280702 0.6546184738955824 0.2412280701754386 0.6556224899598394 0.25219298245614036 0.6616465863453815 0.2642543859649123 0.6696787148594378 0.2719298245614035 0.6837349397590361 0.2774122807017544 0.6987951807228916 0.2719298245614035 0.7068273092369478 0.25219298245614036 0.7018072289156626 0.22807017543859648 0.6887550200803213 0.21710526315789475
0 0.6315261044176707 0.25548245614035087 0.6214859437751004 0.26535087719298245 0.6224899598393574 0.27850877192982454 0.6315261044176707 0.29385964912280704 0.6455823293172691 0.29714912280701755 0.6546184738955824 0.2916666666666667 0.6586345381526104 0.26973684210526316 0.6506024096385542 0.2576754385964912 0.6395582329317269 0.25548245614035087
0 0.643574297188755 0.3366228070175439 0.6315261044176707 0.34210526315789475 0.6285140562248996 0.3541666666666667 0.6295180722891566 0.36951754385964913 0.6385542168674698 0.3782894736842105 0.6536144578313253 0.37609649122807015 0.6626506024096386 0.35855263157894735 0.6586345381526104 0.34100877192982454 0.6485943775100401 0.3366228070175439
0 0.5983935742971888 0.3157894736842105 0.5893574297188755 0.3190789473684211 0.5823293172690763 0.3366228070175439 0.5873493975903614 0.3475877192982456 0.5943775100401606 0.3519736842105263 0.6034136546184738 0.3508771929824561 0.6154618473895582 0.33114035087719296 0.6134538152610441 0.32346491228070173 0.6034136546184738 0.3157894736842105
0 0.5532128514056225 0.25109649122807015 0.5471887550200804 0.2543859649122807 0.5481927710843374 0.26973684210526316 0.5652610441767069 0.27521929824561403 0.570281124497992 0.26535087719298245 0.5692771084337349 0.25548245614035087 0.5672690763052208 0.25219298245614036 0.5542168674698795 0.25219298245614036
0 0.5180722891566265 0.25109649122807015 0.5130522088353414 0.2543859649122807 0.5070281124497992 0.26864035087719296 0.5120481927710844 0.27960526315789475 0.5291164658634538 0.28728070175438597 0.5391566265060241 0.27960526315789475 0.5411646586345381 0.2642543859649123 0.5371485943775101 0.25548245614035087 0.5251004016064257 0.25109649122807015
0 0.4899598393574297 0.2675438596491228 0.4859437751004016 0.2708333333333333 0.48493975903614456 0.28289473684210525 0.49096385542168675 0.2883771929824561 0.5050200803212851 0.2807017543859649 0.5030120481927711 0.2719298245614035 0.4959839357429719 0.2675438596491228
0 0.4939759036144578 0.22478070175438597 0.48092369477911645 0.22807017543859648 0.4738955823293173 0.24451754385964913 0.4839357429718876 0.26096491228070173 0.501004016064257 0.2631578947368421 0.5090361445783133 0.2532894736842105 0.5110441767068273 0.2412280701754386 0.5060240963855421 0.22807017543859648 0.49899598393574296 0.22478070175438597
0 0.5210843373493976 0.21710526315789475 0.5100401606425703 0.22587719298245615 0.5150602409638554 0.24232456140350878 0.5321285140562249 0.24780701754385964 0.5431726907630522 0.24561403508771928 0.5451807228915663 0.23684210526315788 0.5411646586345381 0.22697368421052633 0.535140562248996 0.21929824561403508 0.5271084337349398 0.21710526315789475
0 0.5662650602409639 0.20285087719298245 0.5602409638554217 0.20723684210526316 0.5491967871485943 0.2050438596491228 0.5441767068273092 0.20942982456140352 0.5421686746987951 0.21600877192982457 0.5502008032128514 0.23135964912280702 0.5602409638554217 0.23464912280701755 0.570281124497992 0.22697368421052633 0.5742971887550201 0.21162280701754385 0.5672690763052208 0.20285087719298245
0 0.5873493975903614 0.22149122807017543 0.5813253012048193 0.2225877192982456 0.572289156626506 0.23355263157894737 0.570281124497992 0.24232456140350878 0.5773092369477911 0.2543859649122807 0.5913654618473896 0.25219298245614036 0.6014056224899599 0.2412280701754386 0.6004016064257028 0.22697368421052633 0.5903614457831325 0.22149122807017543
0 0.6144578313253012 0.23574561403508773 0.606425702811245 0.2412280701754386 0.6054216867469879 0.25109649122807015 0.6114457831325302 0.25877192982456143 0.6174698795180723 0.2598684210526316 0.6234939759036144 0.25219298245614036 0.6234939759036144 0.24451754385964913 0.6164658634538153 0.23574561403508773
0 0.6365461847389559 0.2225877192982456 0.6295180722891566 0.22478070175438597 0.6255020080321285 0.23026315789473684 0.6255020080321285 0.23903508771929824 0.6315261044176707 0.24780701754385964 0.6445783132530121 0.24671052631578946 0.6475903614457831 0.24232456140350878 0.6465863453815262 0.22807017543859648 0.6375502008032129 0.2236842105263158
0 0.7580321285140562 0.26206140350877194 0.7469879518072289 0.2642543859649123 0.7399598393574297 0.27521929824561403 0.7530120481927711 0.3092105263157895 0.7680722891566265 0.30701754385964913 0.7771084337349398 0.29385964912280704 0.7761044176706827 0.2719298245614035 0.7650602409638554 0.26206140350877194
0 0.8112449799196787 0.24342105263157895 0.7901606425702812 0.2543859649122807 0.7831325301204819 0.27850877192982454 0.786144578313253 0.2894736842105263 0.8052208835341366 0.30372807017543857 0.8152610441767069 0.30372807017543857 0.8273092369477911 0.29714912280701755 0.8363453815261044 0.2774122807017544 0.8363453815261044 0.2642543859649123 0.8313253012048193 0.25109649122807015 0.8182730923694779 0.24342105263157895
0 0.7088353413654619 0.2708333333333333 0.7018072289156626 0.27960526315789475 0.7018072289156626 0.2894736842105263 0.7048192771084337 0.2993421052631579 0.7108433734939759 0.3048245614035088 0.7178714859437751 0.30153508771929827 0.7218875502008032 0.28399122807017546 0.7218875502008032 0.2741228070175439 0.7178714859437751 0.2708333333333333
0 0.7429718875502008 0.3925438596491228 0.7349397590361446 0.3969298245614035 0.7248995983935743 0.4144736842105263 0.7269076305220884 0.42653508771929827 0.7369477911646586 0.43530701754385964 0.751004016064257 0.4331140350877193 0.7610441767068273 0.42105263157894735 0.7610441767068273 0.40460526315789475 0.751004016064257 0.3925438596491228
0 0.7299196787148594 0.34649122807017546 0.7248995983935743 0.3574561403508772 0.7238955823293173 0.37719298245614036 0.7379518072289156 0.3881578947368421 0.7449799196787149 0.3848684210526316 0.7530120481927711 0.37390350877192985 0.7540160642570282 0.3541666666666667 0.7479919678714859 0.34868421052631576 0.7329317269076305 0.34649122807017546
0 0.677710843373494 0.44298245614035087 0.6757028112449799 0.4473684210526316 0.6596385542168675 0.45614035087719296 0.6606425702811245 0.47478070175438597 0.678714859437751 0.4780701754385965 0.6887550200803213 0.47039473684210525 0.6897590361445783 0.44846491228070173 0.679718875502008 0.4451754385964912
0 0.6335341365461847 0.46381578947368424 0.6204819277108434 0.47039473684210525 0.6204819277108434 0.4824561403508772 0.6255020080321285 0.48903508771929827 0.6385542168674698 0.4868421052631579 0.6475903614457831 0.4758771929824561 0.643574297188755 0.46600877192982454 0.6345381526104418 0.4649122807017544
0 0.7600401606425703 0.4901315789473684 0.7520080321285141 0.4934210526315789 0.7459839357429718 0.5010964912280702 0.7439759036144579 0.5263157894736842 0.751004016064257 0.5328947368421053 0.7720883534136547 0.5405701754385965 0.785140562248996 0.5307017543859649 0.7881526104417671 0.5131578947368421 0.7841365461847389 0.5010964912280702 0.7690763052208835 0.4901315789473684
0 0.7098393574297188 0.5350877192982456 0.7018072289156626 0.5394736842105263 0.6987951807228916 0.555921052631579 0.7118473895582329 0.569078947368421 0.7208835341365462 0.5646929824561403 0.7279116465863453 0.5548245614035088 0.7259036144578314 0.5416666666666666 0.714859437751004 0.5350877192982456
0 0.6917670682730924 0.4868421052631579 0.6716867469879518 0.49451754385964913 0.6706827309236948 0.5010964912280702 0.678714859437751 0.5219298245614035 0.6887550200803213 0.5252192982456141 0.7028112449799196 0.518640350877193 0.7098393574297188 0.5054824561403509 0.7058232931726908 0.4956140350877193 0.6927710843373494 0.4868421052631579
0 0.7168674698795181 0.4517543859649123 0.7108433734939759 0.46271929824561403 0.7128514056224899 0.4857456140350877 0.7188755020080321 0.4934210526315789 0.7329317269076305 0.4956140350877193 0.7369477911646586 0.49122807017543857 0.7379518072289156 0.4758771929824561 0.7319277108433735 0.4594298245614035 0.7208835341365462 0.4517543859649123
0 0.7530120481927711 0.43969298245614036 0.7409638554216867 0.44627192982456143 0.7399598393574297 0.46271929824561403 0.751004016064257 0.4780701754385965 0.7690763052208835 0.48135964912280704 0.7751004016064257 0.4758771929824561 0.7751004016064257 0.4594298245614035 0.7730923694779116 0.44956140350877194 0.7620481927710844 0.43969298245614036
0 0.8132530120481928 0.4780701754385965 0.8012048192771084 0.4857456140350877 0.7951807228915663 0.5021929824561403 0.8032128514056225 0.5175438596491229 0.8232931726907631 0.5263157894736842 0.8323293172690763 0.5197368421052632 0.8403614457831325 0.49780701754385964 0.8363453815261044 0.48903508771929827 0.8142570281124498 0.4780701754385965
0 0.8042168674698795 0.42105263157894735 0.7881526104417671 0.43201754385964913 0.7871485943775101 0.4473684210526316 0.7911646586345381 0.45285087719298245 0.8132530120481928 0.4583333333333333 0.822289156626506 0.4506578947368421 0.8253012048192772 0.4375 0.822289156626506 0.42872807017543857 0.8122489959839357 0.42105263157894735
0 0.7911646586345381 0.3848684210526316 0.7791164658634538 0.38596491228070173 0.7720883534136547 0.40021929824561403 0.7740963855421686 0.4144736842105263 0.7811244979919679 0.42214912280701755 0.7921686746987951 0.42105263157894735 0.8052208835341366 0.41118421052631576 0.8052208835341366 0.39473684210526316 0.7961847389558233 0.3848684210526316
0 0.7821285140562249 0.34210526315789475 0.7680722891566265 0.3475877192982456 0.7630522088353414 0.35855263157894735 0.7630522088353414 0.36951754385964913 0.7720883534136547 0.3782894736842105 0.785140562248996 0.37609649122807015 0.7941767068273092 0.36293859649122806 0.7941767068273092 0.3519736842105263 0.785140562248996 0.34210526315789475
0 0.7630522088353414 0.3157894736842105 0.7439759036144579 0.32456140350877194 0.7419678714859438 0.33223684210526316 0.7469879518072289 0.34210526315789475 0.7620481927710844 0.3432017543859649 0.7730923694779116 0.3366228070175439 0.7781124497991968 0.32346491228070173 0.7700803212851406 0.3157894736842105
0 0.713855421686747 0.31798245614035087 0.7088353413654619 0.32127192982456143 0.7068273092369478 0.32785087719298245 0.7128514056224899 0.34649122807017546 0.7279116465863453 0.34210526315789475 0.7349397590361446 0.3344298245614035 0.7319277108433735 0.3256578947368421 0.7198795180722891 0.31798245614035087
0 0.6255020080321285 0.3026315789473684 0.6184738955823293 0.31030701754385964 0.6184738955823293 0.32456140350877194 0.6265060240963856 0.33223684210526316 0.6485943775100401 0.32456140350877194 0.6485943775100401 0.31030701754385964 0.6345381526104418 0.3026315789473684
0 0.822289156626506 0.3432017543859649 0.8122489959839357 0.34868421052631576 0.8052208835341366 0.3574561403508772 0.8022088353413654 0.3651315789473684 0.8032128514056225 0.375 0.8122489959839357 0.39364035087719296 0.8333333333333334 0.3980263157894737 0.8483935742971888 0.38706140350877194 0.8504016064257028 0.36951754385964913 0.8463855421686747 0.3574561403508772 0.8403614457831325 0.3508771929824561 0.8253012048192772 0.3432017543859649
0 0.8052208835341366 0.31140350877192985 0.7871485943775101 0.32346491228070173 0.7891566265060241 0.3355263157894737 0.7991967871485943 0.34210526315789475 0.8132530120481928 0.34100877192982454 0.821285140562249 0.33114035087719296 0.822289156626506 0.3201754385964912 0.8112449799196787 0.31140350877192985
0 0.8607761044176706 0.28728070175438597 0.8463855421686747 0.2883771929824561 0.8353413654618473 0.30372807017543857 0.8353413654618473 0.32346491228070173 0.8423694779116466 0.33771929824561403 0.8473895582329317 0.34100877192982454 0.8684738955823293 0.3399122807017544 0.8815261044176707 0.31798245614035087 0.8795180722891566 0.2993421052631579 0.8664658634538153 0.28728070175438597
0 0.8694779116465864 0.34868421052631576 0.8604417670682731 0.36293859649122806 0.858433734939759 0.37390350877192985 0.8644578313253012 0.38706140350877194 0.8724899598393574 0.39473684210526316 0.8785140562248996 0.39473684210526316 0.8985943775100401 0.38048245614035087 0.9016064257028112 0.3717105263157895 0.9006024096385542 0.36293859649122806 0.893574297188755 0.3508771929824561 0.8785140562248996 0.34868421052631576
0 0.8629518072289156 0.3991228070175439 0.8463855421686747 0.40460526315789475 0.8323293172690763 0.42105263157894735 0.8343373493975904 0.43859649122807015 0.8504016064257028 0.4517543859649123 0.8704819277108434 0.44956140350877194 0.8785140562248996 0.4440789473684211 0.8855421686746988 0.4331140350877193 0.8865461847389559 0.41776315789473684 0.8795180722891566 0.40460526315789475 0.8684738955823293 0.3991228070175439
0 0.8654618473895582 0.4594298245614035 0.8544176706827309 0.4649122807017544 0.8473895582329317 0.4824561403508772 0.8463855421686747 0.49451754385964913 0.8493975903614458 0.5032894736842105 0.857429718875502 0.5120614035087719 0.8724899598393574 0.5153508771929824 0.8825301204819277 0.5098684210526315 0.8905622489959839 0.49890350877192985 0.8945783132530121 0.48026315789473684 0.8785140562248996 0.46271929824561403 0.8664658634538153 0.4605263157894737
0 0.8363453815261044 0.5274122807017544 0.820281124497992 0.5328947368421053 0.8152610441767069 0.555921052631579 0.8192771084337349 0.5668859649122807 0.8323293172690763 0.5767543859649122 0.8504016064257028 0.5734649122807017 0.856425702811245 0.5537280701754386 0.856425702811245 0.5427631578947368 0.8534136546184738 0.5383771929824561 0.8373493975903614 0.5274122807017544
0 0.7971887550200804 0.5526315789473685 0.785140562248996 0.5570175438596491 0.7761044176706827 0.555921052631579 0.7700803212851406 0.5668859649122807 0.7710843373493976 0.5855263157894737 0.7901606425702812 0.6019736842105263 0.8012048192771084 0.6008771929824561 0.8112449799196787 0.5844298245614035 0.8102409638554217 0.5592105263157895 0.8012048192771084 0.5526315789473685
0 0.7339357429718876 0.5734649122807017 0.7269076305220884 0.5800438596491229 0.7279116465863453 0.5997807017543859 0.7309236947791165 0.6085526315789473 0.7459839357429718 0.6129385964912281 0.7520080321285141 0.606359649122807 0.7530120481927711 0.5888157894736842 0.7449799196787149 0.5767543859649122 0.7379518072289156 0.5734649122807017
0 0.7028112449799196 0.6019736842105263 0.6887550200803213 0.6140350877192983 0.6877510040160643 0.6293859649122807 0.6977911646586346 0.6403508771929824 0.7108433734939759 0.643640350877193 0.7178714859437751 0.6348684210526315 0.7178714859437751 0.6173245614035088 0.7128514056224899 0.606359649122807 0.7038152610441767 0.6030701754385965
0 0.7238955823293173 0.643640350877193 0.7198795180722891 0.6535087719298246 0.7188755020080321 0.6710526315789473 0.7289156626506024 0.6787280701754386 0.7389558232931727 0.6787280701754386 0.7439759036144579 0.6721491228070176 0.7429718875502008 0.6589912280701754 0.7369477911646586 0.6502192982456141 0.7259036144578314 0.643640350877193
0 0.8152610441767069 0.5975877192982456 0.8112449799196787 0.6019736842105263 0.8092369477911646 0.6129385964912281 0.8132530120481928 0.6206140350877193 0.8192771084337349 0.6217105263157895 0.8323293172690763 0.6129385964912281 0.8323293172690763 0.6041666666666666 0.8242971887550201 0.5975877192982456
0 0.8483935742971888 0.5800438596491229 0.8423694779116466 0.5822368421052632 0.8363453815261044 0.5921052631578947 0.8363453815261044 0.6008771929824561 0.8413654618473896 0.606359649122807 0.8534136546184738 0.6074561403508771 0.8614457831325302 0.6030701754385965 0.8604417670682731 0.5866228070175439 0.8554216867469879 0.5800438596491229
0 0.8835341365461847 0.5657894736842105 0.8744979919678715 0.5712719298245614 0.8694779116465864 0.5822368421052632 0.8714859437751004 0.5910087719298246 0.8815261044176707 0.5975877192982456 0.893574297188755 0.5964912280701754 0.8985943775100401 0.5888157894736842 0.8975903614457831 0.5734649122807017 0.8875502008032129 0.5657894736842105
0 0.9196787148594378 0.5668859649122807 0.9106425702811245 0.5734649122807017 0.9066265060240963 0.5866228070175439 0.9126506024096386 0.6019736842105263 0.9196787148594378 0.606359649122807 0.927710843373494 0.606359649122807 0.9357429718875502 0.6019736842105263 0.9387550200803213 0.5855263157894737 0.9347389558232931 0.5767543859649122 0.9226907630522089 0.5668859649122807
0 0.9528112449799196 0.5789473684210527 0.9447791164658634 0.5888157894736842 0.9477911646586346 0.6041666666666666 0.9558232931726908 0.6129385964912281 0.9668674698795181 0.6140350877192983 0.9779116465863453 0.606359649122807 0.9809236947791165 0.5953947368421053 0.9769076305220884 0.5844298245614035 0.9608433734939759 0.5789473684210527
0 0.9578313253012049 0.5219298245614035 0.9447791164658634 0.5328947368421053 0.9417670682730924 0.543859649122807 0.9528112449799196 0.569078947368421 0.9698795180722891 0.5734649122807017 0.9839357429718876 0.5625 0.9859437751004017 0.543859649122807 0.9799196787148594 0.5285087719298246 0.963855421686747 0.5219298245614035
0 0.9206827309236948 0.5230263157894737 0.9076305220883534 0.5285087719298246 0.9046184738955824 0.5427631578947368 0.9126506024096386 0.5537280701754386 0.9216867469879518 0.555921052631579 0.9307228915662651 0.5515350877192983 0.9357429718875502 0.5427631578947368 0.9357429718875502 0.5296052631578947 0.928714859437751 0.5230263157894737
0 0.8795180722891566 0.5219298245614035 0.8624497991967871 0.5252192982456141 0.8604417670682731 0.5307017543859649 0.8614457831325302 0.5460526315789473 0.8674698795180723 0.5537280701754386 0.8755020080321285 0.5570175438596491 0.8845381526104418 0.555921052631579 0.893574297188755 0.543859649122807 0.893574297188755 0.5274122807017544 0.8805220883534136 0.5219298245614035
0 0.9226907630522089 0.4682017543859649 0.9086345381526104 0.4725877192982456 0.8995983935742972 0.48464912280701755 0.9056224899598394 0.5021929824561403 0.9206827309236948 0.5120614035087719 0.9307228915662651 0.5098684210526315 0.9427710843373494 0.4934210526315789 0.9427710843373494 0.4791666666666667 0.9307228915662651 0.4682017543859649
0 0.963855421686747 0.47149122807017546 0.9497991967871486 0.48355263157894735 0.9508032128514057 0.5010964912280702 0.9578313253012049 0.5131578947368421 0.9708835341365462 0.518640350877193 0.9819277108433735 0.518640350877193 0.998995983935743 0.506578947368421 0.998995983935743 0.4923245614035088 0.9879518072289156 0.4758771929824561 0.9698795180722891 0.47149122807017546
0 0.9738955823293173 0.42214912280701755 0.9588353413654619 0.4342105263157895 0.9568273092369478 0.44846491228070173 0.9678714859437751 0.46600877192982454 0.9909638554216867 0.4692982456140351 0.998995983935743 0.46381578947368424 0.998995983935743 0.43201754385964913 0.9829317269076305 0.4232456140350877 0.9748995983935743 0.4232456140350877
0 0.9186746987951807 0.40899122807017546 0.8985943775100401 0.4243421052631579 0.8985943775100401 0.4342105263157895 0.9156626506024096 0.45723684210526316 0.9347389558232931 0.4594298245614035 0.9487951807228916 0.4451754385964912 0.9508032128514057 0.4309210526315789 0.9427710843373494 0.4155701754385965 0.9267068273092369 0.40899122807017546
0 0.9372489959839357 0.34868421052631576 0.9176706827309237 0.35526315789473684 0.9126506024096386 0.3607456140350877 0.9096385542168675 0.3717105263157895 0.9106425702811245 0.3815789473684211 0.9176706827309237 0.3969298245614035 0.9327309236947792 0.40350877192982454 0.9437751004016064 0.40131578947368424 0.9528112449799196 0.39473684210526316 0.9598393574297188 0.38048245614035087 0.9568273092369478 0.36293859649122806 0.9497991967871486 0.3519736842105263 0.9427710843373494 0.34868421052631576
0 0.9934738955823293 0.35855263157894735 0.9809236947791165 0.3618421052631579 0.9708835341365462 0.37280701754385964 0.9668674698795181 0.3958333333333333 0.9759036144578314 0.4133771929824561 0.9959839357429718 0.42214912280701755 0.998995983935743 0.42214912280701755 0.998995983935743 0.35855263157894735
0 0.9528112449799196 0.3026315789473684 0.9437751004016064 0.3059210526315789 0.9377510040160643 0.3125 0.9347389558232931 0.3256578947368421 0.9437751004016064 0.34100877192982454 0.9588353413654619 0.3442982456140351 0.9718875502008032 0.3366228070175439 0.9748995983935743 0.3256578947368421 0.9708835341365462 0.31140350877192985 0.9608433734939759 0.3026315789473684 0.9538152610441767 0.3026315789473684
0 0.9086345381526104 0.30701754385964913 0.8965863453815262 0.31469298245614036 0.8895582329317269 0.33114035087719296 0.892570281124498 0.34210526315789475 0.9066265060240963 0.3508771929824561 0.9206827309236948 0.34539473684210525 0.928714859437751 0.33114035087719296 0.928714859437751 0.3190789473684211 0.9166666666666666 0.30701754385964913
0 0.9508032128514057 0.2543859649122807 0.9337349397590361 0.26096491228070173 0.9327309236947792 0.27850877192982454 0.9377510040160643 0.2916666666666667 0.9528112449799196 0.29714912280701755 0.9658634538152611 0.2905701754385965 0.9708835341365462 0.27850877192982454 0.9688755020080321 0.2642543859649123 0.9568273092369478 0.2543859649122807
0 0.9106425702811245 0.2565789473684211 0.8995983935742972 0.25877192982456143 0.8905622489959839 0.2719298245614035 0.8945783132530121 0.2916666666666667 0.9016064257028112 0.30153508771929827 0.9166666666666666 0.2982456140350877 0.9267068273092369 0.28618421052631576 0.9267068273092369 0.26644736842105265 0.9216867469879518 0.25877192982456143 0.9156626506024096 0.2565789473684211
0 0.8664658634538153 0.22478070175438597 0.8473895582329317 0.23355263157894737 0.8413654618473896 0.24780701754385964 0.8413654618473896 0.25548245614035087 0.8443775100401606 0.26535087719298245 0.8514056224899599 0.2730263157894737 0.8714859437751004 0.27850877192982454 0.8855421686746988 0.2675438596491228 0.8885542168674698 0.2412280701754386 0.8795180722891566 0.22807017543859648 0.8684738955823293 0.22478070175438597
0 0.9066265060240963 0.2149122807017544 0.8975903614457831 0.22149122807017543 0.8945783132530121 0.23684210526315788 0.8955823293172691 0.2412280701754386 0.9066265060240963 0.25 0.9176706827309237 0.24780701754385964 0.9257028112449799 0.23355263157894737 0.9216867469879518 0.21820175438596492 0.9146586345381527 0.2149122807017544
0 0.9528112449799196 0.19736842105263158 0.9397590361445783 0.20065789473684212 0.9317269076305221 0.21271929824561403 0.9337349397590361 0.23793859649122806 0.9437751004016064 0.24671052631578946 0.963855421686747 0.24451754385964913 0.9738955823293173 0.22916666666666666 0.9718875502008032 0.21052631578947367 0.9598393574297188 0.19736842105263158
0 0.9934738955823293 0.19846491228070176 0.9859437751004017 0.19956140350877194 0.9819277108433735 0.20614035087719298 0.9819277108433735 0.21929824561403508 0.9909638554216867 0.22587719298245615 0.998995983935743 0.22587719298245615 0.998995983935743 0.19846491228070176
0 0.9904618473895582 0.2324561403508772 0.9809236947791165 0.23355263157894737 0.9728915662650602 0.24561403508771928 0.9759036144578314 0.26535087719298245 0.9889558232931727 0.2741228070175439 0.998995983935743 0.2730263157894737 0.9969879518072289 0.2324561403508772
0 0.9869477911646586 0.27960526315789475 0.9759036144578314 0.28618421052631576 0.9769076305220884 0.30701754385964913 0.9859437751004017 0.31140350877192985 0.998995983935743 0.31140350877192985 0.998995983935743 0.28399122807017546 0.9889558232931727 0.27960526315789475
0 0.7961847389558233 0.19736842105263158 0.785140562248996 0.20614035087719298 0.7821285140562249 0.2138157894736842 0.7821285140562249 0.22478070175438597 0.7871485943775101 0.23574561403508773 0.7951807228915663 0.24013157894736842 0.8122489959839357 0.23793859649122806 0.8192771084337349 0.23135964912280702 0.8232931726907631 0.22149122807017543 0.8192771084337349 0.20614035087719298 0.8052208835341366 0.19736842105263158
0 0.7680722891566265 0.2225877192982456 0.7570281124497992 0.22587719298245615 0.751004016064257 0.2324561403508772 0.7530120481927711 0.24671052631578946 0.7640562248995983 0.25548245614035087 0.7700803212851406 0.2543859649122807 0.7801204819277109 0.24232456140350878 0.7761044176706827 0.22697368421052633 0.7690763052208835 0.2225877192982456
0 0.7279116465863453 0.2324561403508772 0.7208835341365462 0.23574561403508773 0.713855421686747 0.24671052631578946 0.7158634538152611 0.26096491228070173 0.7259036144578314 0.2708333333333333 0.7359437751004017 0.26864035087719296 0.7449799196787149 0.2532894736842105 0.7449799196787149 0.2412280701754386 0.7349397590361446 0.2324561403508772
0 0.714859437751004 0.19517543859649122 0.7058232931726908 0.20285087719298245 0.7048192771084337 0.21929824561403508 0.7088353413654619 0.22697368421052633 0.7158634538152611 0.23026315789473684 0.7299196787148594 0.22587719298245615 0.7339357429718876 0.21929824561403508 0.7309236947791165 0.20175438596491227 0.7198795180722891 0.19517543859649122
0 0.751004016064257 0.18640350877192982 0.7419678714859438 0.18969298245614036 0.7369477911646586 0.19846491228070176 0.7399598393574297 0.21162280701754385 0.748995983935743 0.22039473684210525 0.7590361445783133 0.21820175438596492 0.7690763052208835 0.20942982456140352 0.7680722891566265 0.19736842105263158 0.7590361445783133 0.18640350877192982
0 0.7821285140562249 0.18421052631578946 0.7730923694779116 0.19188596491228072 0.7761044176706827 0.20285087719298245 0.7801204819277109 0.20285087719298245 0.786144578313253 0.1962719298245614 0.786144578313253 0.1875 0.7831325301204819 0.18530701754385964
0 0.8453815261044176 0.19407894736842105 0.8343373493975904 0.19846491228070176 0.8293172690763052 0.20833333333333334 0.8323293172690763 0.22149122807017543 0.8413654618473896 0.22697368421052633 0.8514056224899599 0.2236842105263158 0.8604417670682731 0.2149122807017544 0.8594377510040161 0.20175438596491227 0.8493975903614458 0.19407894736842105
0 0.8785140562248996 0.19078947368421054 0.8714859437751004 0.1962719298245614 0.8694779116465864 0.20833333333333334 0.8744979919678715 0.21710526315789475 0.8845381526104418 0.22039473684210525 0.8955823293172691 0.21271929824561403 0.8965863453815262 0.20614035087719298 0.893574297188755 0.19736842105263158 0.8815261044176707 0.19078947368421054
0 0.9146586345381527 0.16885964912280702 0.9006024096385542 0.17763157894736842 0.8995983935742972 0.19298245614035087 0.9076305220883534 0.2050438596491228 0.9236947791164659 0.20723684210526316 0.9337349397590361 0.19517543859649122 0.9347389558232931 0.18201754385964913 0.929718875502008 0.17324561403508773 0.9216867469879518 0.16885964912280702
0 0.6455823293172691 0.16447368421052633 0.6255020080321285 0.17214912280701755 0.6224899598393574 0.17763157894736842 0.6234939759036144 0.19517543859649122 0.6305220883534136 0.20285087719298245 0.6395582329317269 0.20614035087719298 0.6526104417670683 0.20065789473684212 0.6606425702811245 0.18530701754385964 0.6576305220883534 0.17434210526315788 0.6475903614457831 0.16447368421052633
0 0.6044176706827309 0.17653508771929824 0.5973895582329317 0.18421052631578946 0.5973895582329317 0.18859649122807018 0.6054216867469879 0.19956140350877194 0.6164658634538153 0.1962719298245614 0.6194779116465864 0.19188596491228072 0.6174698795180723 0.18092105263157895 0.6094377510040161 0.17653508771929824
0 0.5883534136546185 0.18859649122807018 0.5773092369477911 0.19188596491228072 0.5732931726907631 0.19736842105263158 0.5773092369477911 0.2138157894736842 0.5803212851405622 0.21600877192982457 0.5933734939759037 0.21600877192982457 0.5993975903614458 0.20614035087719298 0.5993975903614458 0.19846491228070176 0.5893574297188755 0.18969298245614036
0 0.6164658634538153 0.20175438596491227 0.6014056224899599 0.20942982456140352 0.6004016064257028 0.21710526315789475 0.607429718875502 0.22916666666666666 0.6184738955823293 0.22807017543859648 0.6255020080321285 0.21929824561403508 0.6255020080321285 0.20942982456140352 0.6174698795180723 0.20285087719298245
0 0.6726907630522089 0.15789473684210525 0.6636546184738956 0.16776315789473684 0.6646586345381527 0.18311403508771928 0.6696787148594378 0.18859649122807018 0.6847389558232931 0.19188596491228072 0.6937751004016064 0.18530701754385964 0.6947791164658634 0.17105263157894737 0.6917670682730924 0.16337719298245615 0.679718875502008 0.15789473684210525
0 0.6636546184738956 0.19407894736842105 0.6596385542168675 0.19846491228070176 0.6596385542168675 0.2050438596491228 0.6676706827309237 0.21271929824561403 0.6746987951807228 0.21052631578947367 0.679718875502008 0.20394736842105263 0.679718875502008 0.19846491228070176 0.6726907630522089 0.19407894736842105
0 0.6485943775100401 0.20942982456140352 0.6445783132530121 0.21271929824561403 0.6445783132530121 0.22039473684210525 0.6495983935742972 0.22478070175438597 0.6616465863453815 0.2138157894736842 0.6526104417670683 0.20942982456140352
0 0.6957831325301205 0.19188596491228072 0.6837349397590361 0.1962719298245614 0.6837349397590361 0.20942982456140352 0.6937751004016064 0.21162280701754385 0.7008032128514057 0.20723684210526316 0.7028112449799196 0.1962719298245614 0.6967871485943775 0.19298245614035087
0 0.7238955823293173 0.16776315789473684 0.714859437751004 0.17105263157894737 0.7168674698795181 0.18530701754385964 0.7218875502008032 0.19078947368421054 0.7309236947791165 0.19188596491228072 0.7379518072289156 0.18311403508771928 0.7339357429718876 0.17214912280701755 0.7269076305220884 0.16776315789473684
0 0.7705823293172691 0.12828947368421054 0.7600401606425703 0.13157894736842105 0.7560240963855421 0.13925438596491227 0.7560240963855421 0.15679824561403508 0.7630522088353414 0.16228070175438597 0.7720883534136547 0.16228070175438597 0.786144578313253 0.15021929824561403 0.7841365461847389 0.13157894736842105 0.7761044176706827 0.12828947368421054
0 0.7359437751004017 0.13157894736842105 0.7299196787148594 0.1337719298245614 0.7218875502008032 0.14692982456140352 0.7238955823293173 0.15899122807017543 0.7319277108433735 0.16447368421052633 0.7409638554216867 0.16337719298245615 0.75 0.15350877192982457 0.748995983935743 0.13925438596491227 0.7379518072289156 0.13157894736842105
0 0.8072289156626506 0.13267543859649122 0.7971887550200804 0.1337719298245614 0.7921686746987951 0.1425438596491228 0.7931726907630522 0.15570175438596492 0.8042168674698795 0.16228070175438597 0.8162650602409639 0.1611842105263158 0.8242971887550201 0.15350877192982457 0.821285140562249 0.13815789473684212 0.8112449799196787 0.13267543859649122
0 0.8413654618473896 0.13157894736842105 0.8323293172690763 0.13925438596491227 0.8313253012048193 0.15460526315789475 0.8413654618473896 0.16447368421052633 0.8483935742971888 0.16557017543859648 0.8594377510040161 0.15679824561403508 0.8604417670682731 0.14802631578947367 0.858433734939759 0.13706140350877194 0.8453815261044176 0.13157894736842105
0 0.8624497991967871 0.16447368421052633 0.8493975903614458 0.17324561403508773 0.8504016064257028 0.18530701754385964 0.8624497991967871 0.19188596491228072 0.8684738955823293 0.18969298245614036 0.8744979919678715 0.17982456140350878 0.8734939759036144 0.1699561403508772 0.8664658634538153 0.16447368421052633
0 0.8242971887550201 0.16337719298245615 0.8192771084337349 0.17105263157894737 0.822289156626506 0.18201754385964913 0.8273092369477911 0.18530701754385964 0.8413654618473896 0.18530701754385964 0.8423694779116466 0.17105263157894737 0.8283132530120482 0.16337719298245615
0 0.8062248995983936 0.16776315789473684 0.7991967871485943 0.16885964912280702 0.7951807228915663 0.17763157894736842 0.8032128514056225 0.18969298245614036 0.8142570281124498 0.18969298245614036 0.8162650602409639 0.18640350877192982 0.8162650602409639 0.17434210526315788 0.8112449799196787 0.16776315789473684
0 0.785140562248996 0.16228070175438597 0.7781124497991968 0.16776315789473684 0.7781124497991968 0.17434210526315788 0.7821285140562249 0.17763157894736842 0.786144578313253 0.17763157894736842 0.7901606425702812 0.17214912280701755 0.7911646586345381 0.16666666666666666 0.7881526104417671 0.16228070175438597
0 0.7650602409638554 0.16776315789473684 0.7610441767068273 0.17324561403508773 0.7610441767068273 0.1787280701754386 0.7650602409638554 0.18311403508771928 0.7710843373493976 0.18311403508771928 0.7740963855421686 0.1787280701754386 0.7751004016064257 0.17105263157894737 0.7710843373493976 0.16776315789473684
0 0.9377510040160643 0.13486842105263158 0.927710843373494 0.13925438596491227 0.9226907630522089 0.14802631578947367 0.9226907630522089 0.16228070175438597 0.9337349397590361 0.16776315789473684 0.9477911646586346 0.16447368421052633 0.9518072289156626 0.15789473684210525 0.9487951807228916 0.14144736842105263 0.9387550200803213 0.13486842105263158
0 0.9658634538152611 0.13596491228070176 0.9558232931726908 0.14473684210526316 0.9548192771084337 0.15899122807017543 0.9608433734939759 0.16666666666666666 0.9738955823293173 0.16447368421052633 0.9799196787148594 0.14802631578947367 0.9799196787148594 0.14364035087719298 0.9668674698795181 0.13596491228070176
0 0.9969879518072289 0.14144736842105263 0.9849397590361446 0.14473684210526316 0.9809236947791165 0.1524122807017544 0.9819277108433735 0.16666666666666666 0.9919678714859438 0.17543859649122806 0.998995983935743 0.17543859649122806 0.998995983935743 0.14144736842105263
0 0.9769076305220884 0.1699561403508772 0.9688755020080321 0.17434210526315788 0.9658634538152611 0.18201754385964913 0.9678714859437751 0.18859649122807018 0.9769076305220884 0.19517543859649122 0.9859437751004017 0.18530701754385964 0.9839357429718876 0.17434210526315788 0.9789156626506024 0.1699561403508772
0 0.9497991967871486 0.16776315789473684 0.9417670682730924 0.17653508771929824 0.9427710843373494 0.18640350877192982 0.9457831325301205 0.18859649122807018 0.9578313253012049 0.18311403508771928 0.9578313253012049 0.17214912280701755 0.9528112449799196 0.16776315789473684
0 0.8965863453815262 0.13596491228070176 0.891566265060241 0.15021929824561403 0.891566265060241 0.1611842105263158 0.9006024096385542 0.16776315789473684 0.9116465863453815 0.16447368421052633 0.9166666666666666 0.15679824561403508 0.9136546184738956 0.1425438596491228 0.9016064257028112 0.13596491228070176
0 0.8815261044176707 0.12938596491228072 0.8724899598393574 0.13815789473684212 0.8694779116465864 0.13706140350877194 0.8654618473895582 0.14364035087719298 0.8654618473895582 0.15789473684210525 0.8744979919678715 0.16337719298245615 0.8845381526104418 0.1611842105263158 0.8875502008032129 0.15679824561403508 0.8835341365461847 0.12938596491228072
0 0.9799196787148594 0.31469298245614036 0.9789156626506024 0.33114035087719296 0.9879518072289156 0.3355263157894737 0.9909638554216867 0.3333333333333333 0.9919678714859438 0.3201754385964912 0.9839357429718876 0.31469298245614036
0 0.5341365461847389 0.4276315789473684 0.5271084337349398 0.4342105263157895 0.5240963855421686 0.4451754385964912 0.5441767068273092 0.4550438596491228 0.5491967871485943 0.44956140350877194 0.5481927710843374 0.4418859649122807 0.536144578313253 0.4276315789473684
0 0.7083333333333334 0.4155701754385965 0.7018072289156626 0.4166666666666667 0.7008032128514057 0.43859649122807015 0.7048192771084337 0.4440789473684211 0.7118473895582329 0.44627192982456143 0.7188755020080321 0.43530701754385964 0.7178714859437751 0.41885964912280704 0.713855421686747 0.4155701754385965
0 0.748995983935743 0.5416666666666666 0.7419678714859438 0.5504385964912281 0.7409638554216867 0.5625 0.7439759036144579 0.5668859649122807 0.7560240963855421 0.5712719298245614 0.7600401606425703 0.5646929824561403 0.7610441767068273 0.5482456140350878 0.7540160642570282 0.5416666666666666
0 0.4678714859437751 0.9473684210526315 0.4598393574297189 0.9484649122807017 0.45180722891566266 0.956140350877193 0.4538152610441767 0.9682017543859649 0.46586345381526106 0.9780701754385965 0.48092369477911645 0.9736842105263158 0.4799196787148594 0.956140350877193 0.47289156626506024 0.9473684210526315
0 0.37349397590361444 0.9484649122807017 0.3684738955823293 0.9484649122807017 0.3634538152610442 0.9583333333333334 0.35943775100401604 0.9594298245614035 0.3614457831325301 0.9747807017543859 0.3714859437751004 0.9802631578947368 0.3885542168674699 0.9802631578947368 0.40160642570281124 0.9703947368421053 0.4036144578313253 0.9627192982456141 0.4006024096385542 0.9583333333333334 0.3785140562248996 0.9484649122807017
0 0.47690763052208834 0.9791666666666666 0.46686746987951805 0.9824561403508771 0.45883534136546184 0.9989035087719298 0.5110441767068273 0.9989035087719298 0.5060240963855421 0.9912280701754386 0.48493975903614456 0.9791666666666666
0 0.379183734939759 0.9835526315789473 0.3684738955823293 0.9835526315789473 0.35040160642570284 0.9989035087719298 0.4066265060240964 0.9989035087719298 0.3985943775100402 0.9901315789473685 0.3845381526104418 0.9835526315789473
0 0.5421686746987951 0.9846491228070176 0.5271084337349398 0.9901315789473685 0.5210843373493976 0.9989035087719298 0.5592369477911646 0.9989035087719298 0.5532128514056225 0.9890350877192983 0.5431726907630522 0.9846491228070176
0 0.5858433734939759 0.981359649122807 0.5692771084337349 0.9879385964912281 0.5662650602409639 0.9923245614035088 0.5672690763052208 0.9989035087719298 0.5993975903614458 0.9989035087719298 0.5983935742971888 0.9901315789473685 0.5913654618473896 0.981359649122807
0 0.9979919678714859 0.5866228070175439 0.9889558232931727 0.5975877192982456 0.9899598393574297 0.6085526315789473 0.9979919678714859 0.6195175438596491 0.998995983935743 0.5866228070175439
0 0.8885542168674698 0.6019736842105263 0.8805220883534136 0.6107456140350878 0.8825301204819277 0.6162280701754386 0.893574297188755 0.6162280701754386 0.8975903614457831 0.6129385964912281 0.8975903614457831 0.6052631578947368 0.893574297188755 0.6019736842105263