0 0.599904 0.926162 0.590778 0.927074 0.583093 0.933455 0.574448 0.958067 0.575408 0.983592 0.576369 0.987238 0.583093 0.990884 0.611912 0.990884 0.619597 0.985415 0.621518 0.979945 0.623439 0.945305 0.616715 0.932543 0.605187 0.926162
0 0.646494 0.942571 0.641691 0.945305 0.638809 0.951686 0.639769 0.992707 0.643612 0.999088 0.67243 0.999088 0.681076 0.983592 0.680115 0.96536 0.670509 0.951686 0.655139 0.942571
0 0.677233 0.896992 0.658982 0.906108 0.654179 0.9134 0.653218 0.922516 0.658021 0.93072 0.673391 0.943482 0.688761 0.947129 0.706052 0.934366 0.707973 0.915223 0.701249 0.900638 0.680115 0.896992
0 0.729107 0.938924 0.712776 0.940747 0.694524 0.955333 0.694524 0.987238 0.702209 0.996354 0.708934 0.999088 0.726225 0.999088 0.730067 0.996354 0.742555 0.995442 0.75024 0.983592 0.75024 0.972653 0.754083 0.967183 0.745437 0.94804 0.73391 0.938924
0 0.767051 0.928897 0.758886 0.931632 0.757925 0.943482 0.76561 0.960802 0.771374 0.962625 0.78194 0.960802 0.791547 0.948952 0.789625 0.937101 0.78098 0.93072 0.772334 0.928897
0 0.806916 0.957156 0.798271 0.959891 0.792507 0.966272 0.788665 0.983592 0.79635 0.994531 0.81172 0.996354 0.823247 0.989973 0.82805 0.974476 0.821326 0.962625 0.807877 0.958067
0 0.817483 0.917958 0.807877 0.924339 0.806916 0.934366 0.813641 0.941659 0.825168 0.945305 0.832853 0.939836 0.836695 0.925251 0.831892 0.919781 0.820365 0.917958
0 0.853987 0.947129 0.84438 0.949863 0.839577 0.956244 0.840538 0.964448 0.850144 0.972653 0.856868 0.97083 0.864553 0.961714 0.863593 0.950775 0.854947 0.947129
0 0.783862 0.886053 0.779059 0.886053 0.767531 0.895169 0.76561 0.904284 0.773295 0.917958 0.783862 0.922516 0.799232 0.917958 0.806916 0.907019 0.804995 0.892434 0.799232 0.887876 0.788665 0.886053
0 0.790586 0.824066 0.78194 0.8268 0.771374 0.841386 0.772334 0.859617 0.775216 0.858706 0.779059 0.865998 0.782901 0.864175 0.785783 0.86691 0.807877 0.869644 0.814601 0.86691 0.817483 0.862352 0.822286 0.852325 0.822286 0.84412 0.813641 0.829535 0.793468 0.824066
0 0.836695 0.874202 0.820365 0.87876 0.816523 0.886053 0.816523 0.894257 0.822286 0.904284 0.833814 0.908842 0.846302 0.906108 0.853026 0.894257 0.851105 0.882407 0.841499 0.874202
0 0.861671 0.910665 0.854947 0.916135 0.853026 0.927074 0.862632 0.93619 0.874159 0.934366 0.880884 0.927985 0.878002 0.916135 0.869356 0.910665
0 0.891451 0.940747 0.882805 0.945305 0.880884 0.956244 0.882805 0.962625 0.893372 0.969006 0.903939 0.963537 0.902017 0.948952 0.893372 0.940747
0 0.553314 0.96536 0.543708 0.968095 0.536984 0.977211 0.536984 0.986326 0.542747 0.990884 0.550432 0.990884 0.560038 0.984503 0.560999 0.969918 0.555235 0.96536
0 0.545629 0.928897 0.540826 0.931632 0.538905 0.938924 0.538905 0.948952 0.541787 0.95351 0.558117 0.949863 0.563881 0.941659 0.563881 0.934366 0.551393 0.928897
0 0.554275 0.886964 0.541787 0.891522 0.540826 0.904284 0.543708 0.915223 0.556196 0.921604 0.567723 0.916135 0.572526 0.90155 0.569645 0.893345 0.560999 0.886964
0 0.54659 0.840474 0.536023 0.843209 0.530259 0.853236 0.535062 0.873291 0.542747 0.879672 0.560038 0.877849 0.567723 0.86691 0.563881 0.845943 0.560999 0.842297 0.552354 0.840474
0 0.60903 0.833181 0.594621 0.834093 0.579251 0.842297 0.580211 0.868733 0.585014 0.874202 0.602305 0.876937 0.612872 0.873291 0.621518 0.865087 0.622478 0.841386 0.613833 0.833181
0 0.596542 0.775752 0.581172 0.78031 0.568684 0.793072 0.567723 0.810392 0.570605 0.821331 0.576369 0.825889 0.598463 0.824066 0.611912 0.814038 0.60999 0.791249 0.599424 0.775752
0 0.543708 0.801276 0.533141 0.805834 0.530259 0.810392 0.53122 0.8268 0.536023 0.833181 0.54755 0.83227 0.557157 0.824977 0.554275 0.806746 0.550432 0.801276
0 0.634006 0.751139 0.620557 0.762078 0.619597 0.783045 0.629203 0.799453 0.647454 0.803099 0.660903 0.794895 0.666667 0.78031 0.667627 0.766636 0.661864 0.754786 0.638809 0.751139
0 0.706052 0.753874 0.6878 0.761167 0.678194 0.785779 0.681076 0.807657 0.692603 0.813127 0.705091 0.813127 0.722382 0.807657 0.73391 0.793072 0.73487 0.77484 0.730067 0.762078 0.710855 0.753874
0 0.754083 0.79216 0.742555 0.802188 0.741595 0.819508 0.744476 0.825889 0.755043 0.831358 0.76561 0.827712 0.770413 0.821331 0.768492 0.802188 0.761768 0.79216
0 0.801633 0.771194 0.785783 0.77484 0.78098 0.785779 0.78194 0.801276 0.785783 0.806746 0.795389 0.811304 0.819404 0.80948 0.826129 0.802188 0.82805 0.789426 0.823247 0.779398 0.818444 0.773929 0.807877 0.771194
0 0.833814 0.813127 0.826129 0.817685 0.825168 0.824066 0.829971 0.833181 0.838617 0.835005 0.847262 0.828624 0.847262 0.823154 0.84342 0.816773 0.835735 0.813127
0 0.851105 0.843209 0.837656 0.852325 0.838617 0.859617 0.84342 0.864175 0.864553 0.862352 0.863593 0.850501 0.854947 0.843209
0 0.882805 0.871468 0.871278 0.874202 0.866475 0.882407 0.868396 0.895169 0.878963 0.899727 0.89049 0.898815 0.897214 0.888788 0.897214 0.87876 0.889529 0.871468
0 0.530259 0.766636 0.519693 0.773017 0.520653 0.783045 0.529299 0.793072 0.537944 0.791249 0.543708 0.783956 0.541787 0.77484 0.535062 0.766636
0 0.516811 0.737466 0.502402 0.742935 0.507205 0.756609 0.513929 0.760255 0.521614 0.759344 0.527378 0.752963 0.527378 0.74567 0.519693 0.737466
0 0.551393 0.714676 0.538905 0.718323 0.53122 0.726527 0.535062 0.742024 0.543708 0.748405 0.549472 0.748405 0.56196 0.739289 0.563881 0.725615 0.560038 0.714676
0 0.59366 0.710119 0.580211 0.7165 0.575408 0.734731 0.57829 0.740201 0.594621 0.751139 0.604227 0.750228 0.611912 0.742935 0.607109 0.7165 0.600384 0.710119
0 0.643612 0.683683 0.629203 0.695533 0.6244 0.721969 0.633045 0.736554 0.654179 0.741112 0.667627 0.73382 0.673391 0.721969 0.673391 0.715588 0.665706 0.694622 0.651297 0.683683
0 0.706052 0.68186 0.688761 0.686418 0.683958 0.69371 0.684918 0.713765 0.690682 0.725615 0.695485 0.727438 0.711816 0.726527 0.722382 0.715588 0.716619 0.689152 0.710855 0.682771 0.707012 0.682771
0 0.741595 0.666363 0.73391 0.668186 0.727185 0.674567 0.727185 0.697356 0.735831 0.712853 0.740634 0.7165 0.75024 0.717411 0.758886 0.714676 0.76561 0.706472 0.766571 0.690064 0.761768 0.675479 0.754083 0.668186 0.744476 0.666363
0 0.797791 0.653601 0.778098 0.657247 0.774256 0.665451 0.775216 0.68186 0.782901 0.69371 0.790586 0.697356 0.79635 0.697356 0.816523 0.675479 0.813641 0.663628 0.803074 0.653601
0 0.809798 0.700091 0.798271 0.711942 0.798271 0.719234 0.805956 0.727438 0.817483 0.72835 0.824207 0.720146 0.825168 0.710119 0.820365 0.703737 0.810759 0.700091
0 0.795389 0.735643 0.787704 0.741112 0.787704 0.754786 0.791547 0.758432 0.809798 0.761167 0.814601 0.756609 0.815562 0.743847 0.802113 0.735643
0 0.8439 0.746582 0.832853 0.749316 0.827089 0.762078 0.835735 0.773017 0.846302 0.77484 0.851105 0.773929 0.85975 0.764813 0.857829 0.754786 0.849183 0.746582
0 0.955812 0.917958 0.946206 0.920693 0.940442 0.927985 0.940442 0.939836 0.949087 0.947129 0.962536 0.944394 0.967339 0.93619 0.967339 0.924339 0.956772 0.91887
0 0.955812 0.871468 0.950048 0.871468 0.942363 0.876026 0.934678 0.886964 0.935639 0.897903 0.940442 0.905196 0.948127 0.909754 0.960615 0.909754 0.9683 0.90155 0.971182 0.889699 0.970221 0.876026 0.961575 0.871468
0 0.92171 0.846855 0.914505 0.847767 0.90682 0.858706 0.90682 0.86691 0.910663 0.872379 0.926993 0.873291 0.932757 0.870556 0.932757 0.855059 0.926993 0.846855
0 0.915466 0.887876 0.910663 0.891522 0.910663 0.896992 0.914505 0.900638 0.923151 0.897903 0.924111 0.891522 0.919308 0.887876
0 0.883766 0.841386 0.876081 0.848678 0.877041 0.855059 0.882805 0.859617 0.89049 0.858706 0.894332 0.854148 0.895293 0.846855 0.891451 0.841386
0 0.866475 0.818596 0.861671 0.823154 0.860711 0.830447 0.863593 0.835005 0.869356 0.836828 0.877041 0.831358 0.877041 0.824977 0.871278 0.818596
0 0.852065 0.784868 0.847262 0.785779 0.840538 0.794895 0.841499 0.803099 0.851105 0.808569 0.85879 0.807657 0.863593 0.803099 0.862632 0.790337 0.854947 0.784868
0 0.882805 0.757521 0.874159 0.761167 0.869356 0.769371 0.869356 0.777575 0.877041 0.785779 0.89049 0.784868 0.899135 0.777575 0.898175 0.764813 0.889529 0.757521
0 0.962536 0.8268 0.951969 0.827712 0.947166 0.831358 0.942363 0.840474 0.941402 0.855971 0.949087 0.863263 0.959654 0.862352 0.970221 0.867821 0.974063 0.86691 0.978866 0.857794 0.979827 0.843209 0.976945 0.833181 0.96926 0.8268
0 0.961575 0.783956 0.948127 0.786691 0.942363 0.79763 0.946206 0.814038 0.951009 0.818596 0.960615 0.820419 0.972142 0.816773 0.979827 0.804923 0.978866 0.790337 0.967339 0.783956
0 0.852065 0.708295 0.841499 0.712853 0.835735 0.719234 0.834774 0.729262 0.840538 0.734731 0.853987 0.734731 0.862632 0.726527 0.862632 0.712853 0.855908 0.708295
0 0.942363 0.710119 0.932757 0.714676 0.926033 0.722881 0.926033 0.73382 0.931796 0.742024 0.941402 0.742024 0.955812 0.731085 0.95389 0.718323 0.943324 0.710119
0 0.925072 0.656335 0.914505 0.659982 0.90682 0.671832 0.90682 0.68186 0.920269 0.690975 0.944284 0.685506 0.949087 0.675479 0.948127 0.669098 0.928915 0.656335
0 0.874159 0.652689 0.868396 0.656335 0.864553 0.666363 0.868396 0.678213 0.873199 0.68186 0.887608 0.680036 0.895293 0.671832 0.894332 0.663628 0.880884 0.652689
0 0.842459 0.673655 0.834774 0.677302 0.82805 0.686418 0.829971 0.694622 0.841499 0.701003 0.849183 0.69918 0.855908 0.692799 0.855908 0.679125 0.850144 0.673655
0 0.897214 0.684594 0.884726 0.691887 0.878002 0.701914 0.878002 0.71103 0.885687 0.719234 0.898175 0.718323 0.908742 0.710119 0.911623 0.696445 0.908742 0.689152 0.902017 0.684594
0 0.755043 0.755697 0.747358 0.763902 0.747358 0.770283 0.753122 0.777575 0.761768 0.778487 0.766571 0.776664 0.767531 0.769371 0.76561 0.76299 0.756964 0.757521
0 0.833814 0.632634 0.823247 0.638104 0.819404 0.64722 0.822286 0.656335 0.832853 0.663628 0.838617 0.663628 0.848223 0.658159 0.853026 0.649954 0.849183 0.638104 0.837656 0.632634
0 0.90586 0.623519 0.893372 0.6299 0.888569 0.636281 0.891451 0.648131 0.902978 0.657247 0.914505 0.656335 0.925072 0.643573 0.919308 0.628988 0.910663 0.623519
0 0.894332 0.580675 0.879923 0.586144 0.869356 0.59526 0.867435 0.602552 0.873199 0.616226 0.903939 0.617138 0.909702 0.61258 0.910663 0.593437 0.898175 0.580675
0 0.868396 0.627165 0.863593 0.633546 0.864553 0.642662 0.868396 0.645397 0.873199 0.644485 0.878002 0.636281 0.872238 0.627165
0 0.832853 0.604376 0.826129 0.608933 0.826129 0.617138 0.829011 0.621696 0.837656 0.622607 0.845341 0.618049 0.847262 0.611668 0.835735 0.604376
0 0.793468 0.603464 0.78098 0.608933 0.775216 0.618049 0.774256 0.633546 0.780019 0.64175 0.785783 0.643573 0.805956 0.642662 0.814601 0.632634 0.813641 0.616226 0.808838 0.608022 0.801153 0.603464
0 0.741114 0.590702 0.725264 0.59526 0.723343 0.609845 0.728146 0.626253 0.740634 0.632634 0.74928 0.632634 0.761768 0.626253 0.764649 0.615314 0.759846 0.597995 0.747358 0.590702
0 0.692603 0.600729 0.683958 0.603464 0.680115 0.608933 0.676273 0.6299 0.688761 0.644485 0.698367 0.649043 0.713737 0.642662 0.720461 0.628988 0.716619 0.614403 0.701249 0.600729
0 0.666667 0.645397 0.6561 0.652689 0.654179 0.665451 0.658982 0.671832 0.673391 0.680036 0.688761 0.672744 0.692603 0.66454 0.683958 0.650866 0.669549 0.645397
0 0.590778 0.658159 0.573487 0.66454 0.563881 0.675479 0.564841 0.695533 0.572526 0.703737 0.57829 0.704649 0.602305 0.698268 0.610951 0.684594 0.60999 0.667274 0.606148 0.662716 0.59366 0.658159
0 0.525456 0.666363 0.512008 0.684594 0.511047 0.696445 0.518732 0.707384 0.529299 0.711942 0.542747 0.707384 0.551393 0.701003 0.555235 0.678213 0.540826 0.67639 0.526417 0.666363
0 0.489914 0.632634 0.474544 0.649954 0.476465 0.662716 0.489914 0.675479 0.506244 0.670921 0.51489 0.65907 0.513929 0.643573 0.496638 0.632634
0 0.779059 0.577028 0.768492 0.585232 0.769452 0.593437 0.775216 0.597083 0.784822 0.596171 0.790586 0.587056 0.787704 0.580675 0.780019 0.57794
0 0.817483 0.57247 0.808838 0.575205 0.803074 0.583409 0.804035 0.590702 0.809798 0.597083 0.824207 0.597083 0.830932 0.58979 0.829011 0.57794 0.821326 0.57247
0 0.785783 0.547858 0.779059 0.553327 0.779059 0.563355 0.784822 0.568824 0.79731 0.569736 0.801153 0.567912 0.803074 0.56062 0.800192 0.551504 0.794428 0.547858
0 0.741595 0.545123 0.731028 0.552416 0.727185 0.56062 0.727185 0.570647 0.73391 0.57794 0.739673 0.579763 0.752161 0.578851 0.76561 0.573382 0.764649 0.553327 0.74928 0.545123
0 0.739673 0.510483 0.726225 0.511395 0.721422 0.515041 0.7195 0.52598 0.727185 0.536919 0.740634 0.53783 0.748319 0.533273 0.751201 0.523245 0.744476 0.510483
0 0.730548 0.46217 0.712776 0.468551 0.707012 0.478578 0.708934 0.492252 0.724304 0.502279 0.738713 0.499544 0.748319 0.489517 0.748319 0.473108 0.735831 0.46217
0 0.767531 0.49134 0.756964 0.497721 0.756004 0.506837 0.761768 0.515041 0.768492 0.517776 0.776177 0.516864 0.783862 0.507748 0.780019 0.494075 0.773295 0.49134
0 0.798271 0.510483 0.792507 0.514129 0.789625 0.52051 0.790586 0.534184 0.795389 0.53783 0.806916 0.53783 0.813641 0.532361 0.813641 0.52051 0.806916 0.510483
0 0.769452 0.52598 0.761768 0.532361 0.762728 0.538742 0.768492 0.542388 0.777137 0.540565 0.780019 0.536919 0.779059 0.528715 0.774256 0.52598
0 0.847262 0.585232 0.845341 0.591613 0.848223 0.597995 0.855908 0.600729 0.85879 0.598906 0.85975 0.590702 0.853987 0.585232
0 0.881844 0.557885 0.869356 0.562443 0.865514 0.567001 0.868396 0.578851 0.879923 0.579763 0.891451 0.573382 0.891451 0.56062 0.886647 0.557885
0 0.871278 0.521422 0.85879 0.526892 0.856868 0.530538 0.856868 0.546946 0.865514 0.55515 0.877041 0.553327 0.886647 0.544211 0.882805 0.525068 0.873199 0.521422
0 0.832853 0.523245 0.826129 0.530538 0.824207 0.539654 0.82805 0.544211 0.838617 0.546946 0.845341 0.540565 0.846302 0.529626 0.837656 0.523245
0 0.851105 0.493163 0.841499 0.499544 0.841499 0.509572 0.848223 0.515953 0.85879 0.516864 0.864553 0.514129 0.866475 0.504102 0.855908 0.493163
0 0.831892 0.463993 0.818444 0.47402 0.816523 0.47949 0.821326 0.490428 0.829011 0.494075 0.840538 0.49134 0.846302 0.484047 0.845341 0.47402 0.836695 0.463993
0 0.819404 0.499544 0.816523 0.507748 0.822286 0.515953 0.829011 0.515041 0.831892 0.509572 0.830932 0.501367 0.827089 0.499544
0 0.798271 0.475843 0.791547 0.481313 0.789625 0.487694 0.79635 0.497721 0.804035 0.501367 0.810759 0.497721 0.81172 0.488605 0.808838 0.480401 0.801153 0.475843
0 0.802113 0.431176 0.791547 0.436645 0.787704 0.445761 0.788665 0.4567 0.79635 0.464904 0.820365 0.46217 0.825168 0.457612 0.826129 0.449407 0.822286 0.441203 0.809798 0.431176
0 0.770413 0.463081 0.763689 0.466727 0.763689 0.472197 0.771374 0.480401 0.782901 0.476755 0.782901 0.469462 0.777137 0.463081
0 0.751201 0.438469 0.743516 0.441203 0.740634 0.445761 0.740634 0.451231 0.745437 0.455789 0.755043 0.455789 0.759846 0.452142 0.759846 0.443938 0.753122 0.438469
0 0.772334 0.42206 0.766571 0.431176 0.770413 0.438469 0.780019 0.433911 0.779059 0.42206
0 0.776177 0.388332 0.768492 0.391978 0.764649 0.399271 0.767531 0.41021 0.775216 0.414768 0.782901 0.412033 0.788665 0.403829 0.786744 0.39289 0.780019 0.388332
0 0.739673 0.403829 0.731988 0.412033 0.731988 0.419325 0.740634 0.42753 0.753122 0.422972 0.756964 0.418414 0.754083 0.41021 0.745437 0.403829
0 0.709894 0.426618 0.70317 0.430264 0.696446 0.43938 0.696446 0.448496 0.702209 0.4567 0.716619 0.454877 0.727185 0.446673 0.725264 0.432088 0.71854 0.426618
0 0.667627 0.418414 0.652257 0.423883 0.649376 0.436645 0.650336 0.446673 0.654179 0.446673 0.668588 0.459435 0.676273 0.457612 0.682997 0.451231 0.6878 0.43938 0.684918 0.42753 0.67243 0.418414
0 0.618636 0.403829 0.608069 0.41021 0.599424 0.42753 0.600384 0.43938 0.604227 0.446673 0.612872 0.453054 0.634006 0.446673 0.639769 0.437557 0.637848 0.418414 0.633045 0.41021 0.6244 0.403829
0 0.634966 0.455789 0.617675 0.46217 0.611912 0.468551 0.607109 0.482224 0.60903 0.494986 0.615754 0.502279 0.633045 0.512306 0.654179 0.505014 0.661864 0.493163 0.660903 0.470374 0.6561 0.463081 0.642651 0.455789
0 0.574448 0.43938 0.555235 0.44485 0.548511 0.457612 0.553314 0.480401 0.569645 0.492252 0.587896 0.49134 0.596542 0.482224 0.600384 0.469462 0.598463 0.455789 0.586936 0.441203 0.581172 0.43938
0 0.591739 0.498633 0.57829 0.502279 0.568684 0.515041 0.566763 0.532361 0.573487 0.539654 0.598463 0.539654 0.606148 0.536007 0.611912 0.528715 0.607109 0.510483 0.592699 0.499544
0 0.611912 0.545123 0.602305 0.548769 0.591739 0.547858 0.585014 0.553327 0.584054 0.565178 0.59366 0.57794 0.606148 0.580675 0.617675 0.573382 0.618636 0.553327 0.617675 0.547858 0.612872 0.545123
0 0.652898 0.549681 0.632085 0.552416 0.62536 0.574294 0.628242 0.591613 0.644573 0.606199 0.657061 0.603464 0.667627 0.596171 0.674352 0.581586 0.67147 0.564266 0.658021 0.549681
0 0.572526 0.578851 0.56292 0.585232 0.560999 0.596171 0.563881 0.603464 0.573487 0.611668 0.591739 0.610757 0.598463 0.602552 0.597502 0.594348 0.584054 0.580675 0.57829 0.578851
0 0.518732 0.586144 0.509126 0.590702 0.504323 0.597995 0.503362 0.616226 0.51489 0.634458 0.528338 0.640839 0.539866 0.640839 0.555235 0.628077 0.558117 0.614403 0.543708 0.590702 0.535062 0.587056 0.519693 0.586144
0 0.459174 0.665451 0.451489 0.671832 0.449568 0.679125 0.45245 0.685506 0.463016 0.692799 0.473583 0.690064 0.476465 0.685506 0.474544 0.677302 0.463977 0.665451
0 0.472622 0.698268 0.46878 0.701914 0.46878 0.707384 0.473583 0.712853 0.477426 0.711942 0.481268 0.705561 0.478386 0.698268
0 0.428434 0.642662 0.420749 0.649043 0.420749 0.658159 0.434198 0.668186 0.439001 0.668186 0.448607 0.660893 0.450528 0.652689 0.446686 0.64722 0.432277 0.642662
0 0.418828 0.597995 0.399616 0.605287 0.393852 0.61258 0.396734 0.628988 0.410183 0.638104 0.426513 0.633546 0.433237 0.627165 0.432277 0.608022 0.429395 0.602552 0.42171 0.597995
0 0.39097 0.567912 0.382325 0.573382 0.379443 0.585232 0.385207 0.594348 0.393852 0.597083 0.404419 0.592525 0.409222 0.587967 0.409222 0.583409 0.403458 0.573382 0.391931 0.567912
0 0.43804 0.516864 0.424592 0.517776 0.405379 0.527803 0.400576 0.535096 0.399616 0.546035 0.40634 0.562443 0.420749 0.57794 0.43708 0.581586 0.45245 0.580675 0.462056 0.575205 0.466859 0.567912 0.469741 0.558797 0.46878 0.541477 0.451489 0.521422 0.439001 0.516864
0 0.482229 0.480401 0.463977 0.495898 0.461095 0.50866 0.463016 0.515953 0.474544 0.528715 0.490874 0.532361 0.502402 0.52051 0.504323 0.494075 0.495677 0.483136 0.488953 0.480401
0 0.535062 0.484959 0.519693 0.492252 0.512968 0.504102 0.512008 0.522334 0.519693 0.533273 0.529299 0.53783 0.549472 0.534184 0.558117 0.517776 0.557157 0.498633 0.542747 0.484959
0 0.658982 0.371923 0.646494 0.376481 0.638809 0.389243 0.641691 0.403829 0.654179 0.411121 0.669549 0.408387 0.680115 0.395624 0.680115 0.388332 0.675312 0.379216 0.663785 0.371923
0 0.574928 0.373747 0.555235 0.378304 0.54755 0.385597 0.543708 0.394713 0.54659 0.421149 0.560038 0.432999 0.570605 0.433911 0.584054 0.430264 0.592699 0.42206 0.599424 0.406563 0.599424 0.38742 0.591739 0.378304 0.580211 0.373747
0 0.521614 0.394713 0.510086 0.398359 0.504323 0.405652 0.503362 0.412033 0.510086 0.432999 0.51489 0.437557 0.530259 0.437557 0.539866 0.431176 0.540826 0.419325 0.536023 0.400182 0.530259 0.395624 0.522574 0.394713
0 0.477426 0.40474 0.462056 0.41021 0.45341 0.431176 0.459174 0.451231 0.473583 0.455789 0.475504 0.459435 0.490874 0.457612 0.50048 0.449407 0.507205 0.438469 0.496638 0.412944 0.490874 0.405652 0.486071 0.40474
0 0.392891 0.472197 0.384246 0.478578 0.379443 0.486782 0.380403 0.502279 0.39001 0.516864 0.404419 0.52051 0.416907 0.515953 0.426513 0.507748 0.429395 0.494986 0.417867 0.475843 0.396734 0.472197
0 0.443804 0.454877 0.434198 0.467639 0.434198 0.475843 0.43804 0.484959 0.445725 0.490428 0.459174 0.486782 0.467819 0.471285 0.461095 0.461258 0.451489 0.454877
0 0.424592 0.388332 0.416907 0.389243 0.411143 0.393801 0.407301 0.402005 0.40634 0.417502 0.417867 0.429353 0.442843 0.431176 0.450528 0.420237 0.45341 0.407475 0.446686 0.396536 0.429395 0.388332
0 0.448607 0.35825 0.441883 0.363719 0.440922 0.377393 0.45341 0.38742 0.463977 0.389243 0.472622 0.382862 0.472622 0.371923 0.460134 0.35825 0.454371 0.35825
0 0.494236 0.316317 0.473583 0.31814 0.462056 0.333637 0.463977 0.349134 0.475504 0.359161 0.490874 0.364631 0.503362 0.360985 0.513929 0.347311 0.512968 0.328168 0.49952 0.316317
0 0.537944 0.316317 0.527378 0.326345 0.528338 0.341841 0.536023 0.346399 0.548511 0.345488 0.557157 0.338195 0.558117 0.32361 0.54659 0.316317
0 0.583093 0.310848 0.572526 0.317229 0.569645 0.324521 0.569645 0.334549 0.581172 0.342753 0.596542 0.340018 0.602305 0.331814 0.601345 0.320875 0.591739 0.310848
0 0.626321 0.321787 0.620557 0.32361 0.612872 0.332726 0.612872 0.342753 0.615754 0.347311 0.621518 0.349134 0.635927 0.345488 0.639769 0.339107 0.636888 0.327256 0.629203 0.321787
0 0.653218 0.342753 0.647454 0.350046 0.650336 0.360073 0.657061 0.360073 0.665706 0.351869 0.665706 0.348222 0.658021 0.342753
0 0.685879 0.350957 0.680115 0.354603 0.677233 0.360985 0.683958 0.368277 0.691643 0.366454 0.696446 0.360985 0.696446 0.355515 0.692603 0.350957
0 0.727185 0.334549 0.711816 0.347311 0.708934 0.363719 0.709894 0.366454 0.721422 0.3701 0.736792 0.3701 0.747358 0.35825 0.746398 0.348222 0.738713 0.338195 0.728146 0.334549
0 0.701249 0.30629 0.691643 0.307201 0.680115 0.317229 0.682037 0.327256 0.695485 0.338195 0.708934 0.33546 0.717579 0.325433 0.715658 0.31814 0.706052 0.30629
0 0.673391 0.280766 0.664745 0.285324 0.661864 0.296263 0.670509 0.305378 0.677233 0.30629 0.688761 0.297174 0.689721 0.292616 0.676273 0.280766
0 0.647454 0.257065 0.639769 0.260711 0.636888 0.272562 0.642651 0.2835 0.653218 0.285324 0.661864 0.278031 0.662824 0.270738 0.648415 0.257976
0 0.619597 0.237922 0.611912 0.243391 0.60903 0.249772 0.60999 0.257065 0.615754 0.263446 0.627281 0.261623 0.634966 0.251595 0.633045 0.243391 0.622478 0.237922
0 0.585975 0.210574 0.575408 0.216955 0.572526 0.230629 0.584054 0.244303 0.598463 0.244303 0.607109 0.234275 0.60903 0.223336 0.601345 0.216044 0.588857 0.210574
0 0.56244 0.272562 0.553314 0.274385 0.545629 0.285324 0.548511 0.30082 0.559078 0.30629 0.570605 0.304467 0.57829 0.296263 0.57829 0.282589 0.574448 0.275296 0.568684 0.272562
0 0.526417 0.243391 0.516811 0.248861 0.512968 0.257065 0.512008 0.268004 0.517771 0.274385 0.532181 0.274385 0.542747 0.26618 0.541787 0.247949 0.533141 0.243391
0 0.517771 0.286235 0.512008 0.28897 0.512008 0.293528 0.518732 0.313582 0.527378 0.310848 0.535062 0.30082 0.534102 0.292616 0.522574 0.286235
0 0.479827 0.267092 0.464938 0.27165 0.458213 0.282589 0.459174 0.30082 0.463977 0.307201 0.469741 0.309025 0.487032 0.307201 0.497598 0.297174 0.49952 0.278943 0.486071 0.267092
0 0.513929 0.442115 0.498559 0.457612 0.496638 0.470374 0.504323 0.480401 0.51489 0.484047 0.532181 0.478578 0.537944 0.466727 0.533141 0.448496 0.522574 0.442115
0 0.642651 0.295351 0.633045 0.302644 0.633045 0.310848 0.64073 0.311759 0.649376 0.307201 0.650336 0.298997 0.647454 0.295351
0 0.618636 0.274385 0.610951 0.278943 0.60999 0.287147 0.614793 0.291705 0.629203 0.287147 0.627281 0.278031 0.619597 0.275296
0 0.591739 0.286235 0.587896 0.28897 0.588857 0.298997 0.602305 0.298086 0.602305 0.290793 0.592699 0.286235
0 0.588857 0.25433 0.582133 0.257976 0.57829 0.265269 0.587896 0.277119 0.601345 0.272562 0.605187 0.268004 0.594621 0.25433
0 0.56292 0.244303 0.555235 0.249772 0.556196 0.257976 0.571566 0.259799 0.574448 0.248861 0.567723 0.244303
0 0.552354 0.224248 0.545629 0.228806 0.545629 0.235187 0.549472 0.237922 0.560999 0.234275 0.559078 0.226983 0.554275 0.224248
0 0.526417 0.214221 0.51585 0.216044 0.513929 0.218778 0.51489 0.226071 0.521614 0.231541 0.529299 0.231541 0.533141 0.227894 0.535062 0.21969 0.53122 0.214221
0 0.487992 0.229717 0.480307 0.236098 0.479347 0.245214 0.48511 0.253418 0.492795 0.255242 0.505283 0.247037 0.506244 0.239745 0.501441 0.232452 0.491835 0.229717
0 0.449568 0.23701 0.443804 0.240656 0.439962 0.249772 0.440922 0.257976 0.448607 0.263446 0.460134 0.261623 0.467819 0.253418 0.466859 0.244303 0.457253 0.23701
0 0.43708 0.270738 0.432277 0.27165 0.427474 0.277119 0.427474 0.287147 0.435159 0.294439 0.446686 0.28897 0.446686 0.275296 0.439001 0.270738
0 0.420749 0.247949 0.412104 0.253418 0.410183 0.258888 0.411143 0.265269 0.415946 0.267092 0.42171 0.267092 0.429395 0.258888 0.428434 0.252507 0.42171 0.247949
0 0.382325 0.228806 0.3756 0.232452 0.367915 0.247949 0.3756 0.261623 0.39001 0.262534 0.399616 0.256153 0.402498 0.244303 0.398655 0.234275 0.387128 0.228806
0 0.432277 0.205105 0.424592 0.210574 0.414986 0.209663 0.411143 0.213309 0.412104 0.226983 0.418828 0.235187 0.433237 0.235187 0.442843 0.226983 0.443804 0.212397 0.436119 0.205105
0 0.465898 0.208751 0.458213 0.216044 0.458213 0.222425 0.463016 0.22516 0.473583 0.224248 0.477426 0.220602 0.475504 0.212397 0.470701 0.208751
0 0.509126 0.165907 0.498559 0.175023 0.498559 0.189608 0.504323 0.197812 0.51585 0.20237 0.533141 0.196901 0.540826 0.181404 0.535062 0.175023 0.536023 0.171376 0.53122 0.1732 0.525456 0.166819 0.521614 0.169553 0.51489 0.165907
0 0.472622 0.137648 0.460134 0.145852 0.457253 0.153145 0.458213 0.161349 0.465898 0.172288 0.473583 0.175934 0.487032 0.175934 0.494717 0.169553 0.495677 0.153145 0.483189 0.13856 0.480307 0.140383 0.474544 0.137648
0 0.43804 0.12124 0.430355 0.125798 0.428434 0.139471 0.431316 0.144029 0.444765 0.147675 0.45245 0.144029 0.456292 0.127621 0.45245 0.123063 0.445725 0.12124
0 0.409222 0.166819 0.401537 0.175023 0.400576 0.18505 0.410183 0.193254 0.42171 0.19052 0.426513 0.183227 0.423631 0.172288 0.416907 0.166819
0 0.386167 0.196901 0.376561 0.205105 0.376561 0.215132 0.380403 0.218778 0.392891 0.218778 0.397695 0.215132 0.399616 0.205105 0.393852 0.196901
0 0.338136 0.196901 0.326609 0.200547 0.319885 0.206016 0.315082 0.21969 0.319885 0.239745 0.337176 0.248861 0.355427 0.245214 0.360231 0.240656 0.366955 0.223336 0.361191 0.206016 0.345821 0.196901
0 0.29635 0.182315 0.285303 0.18505 0.28146 0.191431 0.279539 0.205105 0.28146 0.216044 0.291066 0.220602 0.302594 0.217867 0.311239 0.206016 0.311239 0.189608 0.302594 0.182315
0 0.254563 0.210574 0.238232 0.212397 0.227666 0.223336 0.221902 0.234275 0.221902 0.240656 0.227666 0.251595 0.251681 0.260711 0.258405 0.260711 0.264169 0.256153 0.264169 0.251595 0.271854 0.242479 0.275696 0.231541 0.273775 0.220602 0.261287 0.210574
0 0.230548 0.26618 0.209414 0.272562 0.197887 0.286235 0.198847 0.294439 0.225744 0.317229 0.226705 0.32361 0.229587 0.324521 0.251681 0.317229 0.260327 0.304467 0.260327 0.291705 0.24976 0.274385 0.232469 0.26618
0 0.1878 0.321787 0.178674 0.322698 0.167147 0.330902 0.163305 0.339107 0.163305 0.350046 0.172911 0.362808 0.185399 0.368277 0.199808 0.3701 0.211335 0.362808 0.215178 0.343665 0.211335 0.331814 0.194044 0.321787
0 0.248799 0.332726 0.230548 0.338195 0.226705 0.341841 0.223823 0.366454 0.230548 0.374658 0.254563 0.378304 0.26609 0.371923 0.270893 0.35825 0.267051 0.339107 0.261287 0.334549 0.251681 0.332726
0 0.289145 0.334549 0.28146 0.344576 0.282421 0.3701 0.295869 0.380128 0.315082 0.381039 0.323727 0.367366 0.320845 0.344576 0.308357 0.33546 0.290106 0.334549
0 0.348703 0.32361 0.335255 0.331814 0.331412 0.348222 0.333333 0.366454 0.336215 0.372835 0.346782 0.381039 0.365034 0.381951 0.379443 0.376481 0.383285 0.371012 0.387128 0.361896 0.386167 0.342753 0.373679 0.327256 0.349664 0.32361
0 0.369837 0.162261 0.355427 0.171376 0.353506 0.179581 0.354467 0.18505 0.365994 0.193254 0.377522 0.19052 0.384246 0.182315 0.384246 0.172288 0.377522 0.162261
0 0.329491 0.16773 0.323727 0.169553 0.318924 0.177758 0.318924 0.185962 0.322767 0.189608 0.331412 0.188696 0.338136 0.184139 0.339097 0.174111 0.332373 0.16773
0 0.298751 0.134913 0.284342 0.139471 0.282421 0.158614 0.288184 0.165907 0.307397 0.168642 0.315082 0.163172 0.319885 0.15041 0.316042 0.142206 0.304515 0.134913
0 0.341979 0.139471 0.332373 0.142206 0.330451 0.145852 0.331412 0.154057 0.340058 0.159526 0.348703 0.158614 0.353506 0.15041 0.352546 0.143118 0.345821 0.139471
0 0.322767 0.111212 0.31316 0.116682 0.31316 0.124886 0.319885 0.130356 0.329491 0.131267 0.337176 0.122151 0.335255 0.116682 0.32757 0.111212
0 0.350624 0.0783956 0.3439 0.0811304 0.341018 0.0938924 0.341018 0.103008 0.349664 0.113036 0.365994 0.109389 0.376561 0.094804 0.376561 0.088423 0.370797 0.0811304 0.353506 0.0783956
0 0.320845 0.0683683 0.304515 0.0729262 0.299712 0.088423 0.306436 0.100273 0.326609 0.10392 0.330451 0.100273 0.334294 0.0802188 0.329491 0.0729262 0.321806 0.0692799
0 0.28098 0.0638104 0.275696 0.0638104 0.269933 0.0738377 0.270893 0.0838651 0.278578 0.0893345 0.288184 0.088423 0.292988 0.0820419 0.293948 0.0683683 0.286263 0.0638104
0 0.243036 0.047402 0.226705 0.0546946 0.226705 0.0720146 0.235351 0.0793072 0.251681 0.0811304 0.260327 0.0765725 0.26513 0.0665451 0.259366 0.0519599 0.247839 0.047402
0 0.18828 0.0483136 0.179635 0.0501367 0.17195 0.0574294 0.170989 0.0783956 0.182517 0.088423 0.209414 0.0875114 0.21902 0.0765725 0.21806 0.0628988 0.210375 0.0528715 0.192123 0.0483136
0 0.143132 0.0501367 0.132565 0.0519599 0.129683 0.0565178 0.130644 0.0747493 0.133525 0.0802188 0.14121 0.0820419 0.159462 0.0765725 0.163305 0.0656335 0.160423 0.053783 0.144092 0.0501367
0 0.100865 0.0519599 0.0864553 0.0528715 0.079731 0.0592525 0.0826129 0.077484 0.0883766 0.0856882 0.0979827 0.0893345 0.10951 0.0856882 0.121037 0.0720146 0.116234 0.0546946 0.106628 0.0519599
0 0.0432277 0.0483136 0.0220941 0.0528715 0.0240154 0.0574294 0.0211335 0.0601641 0.0230548 0.0820419 0.0278578 0.088423 0.0393852 0.0938924 0.0576369 0.0920693 0.0653218 0.0875114 0.0701249 0.0811304 0.0720461 0.0692799 0.0710855 0.0610757 0.0643612 0.0519599 0.0518732 0.0483136 0.0441883 0.0492252
0 0 0.123063 0 0.159526 0.00480307 0.156791 0.0105668 0.145852 0.00960615 0.130356 0.00192123 0.123063
0 0.0317003 0.123974 0.0230548 0.129444 0.0220941 0.144029 0.0259366 0.149499 0.037464 0.151322 0.0470701 0.144029 0.0489914 0.13309 0.0461095 0.126709 0.0355427 0.123974
0 0.024976 0.161349 0.0153698 0.163172 0.00384246 0.175023 0.00288184 0.187785 0.012488 0.196901 0.0278578 0.195989 0.0403458 0.18505 0.0384246 0.16773 0.0297791 0.161349
0 0.0662824 0.147675 0.0605187 0.148587 0.054755 0.154057 0.0528338 0.175934 0.0605187 0.183227 0.0778098 0.185962 0.0883766 0.178669 0.0912584 0.163172 0.0864553 0.153145 0.074928 0.147675
0 0.0576369 0.194166 0.0432277 0.198724 0.0326609 0.206928 0.0326609 0.213309 0.0384246 0.22516 0.0557157 0.232452 0.0691643 0.227894 0.074928 0.218778 0.0720461 0.199635 0.0595581 0.194166
0 0.153698 0.428441 0.152738 0.448496 0.159462 0.458523 0.177714 0.46217 0.18828 0.455789 0.190202 0.435734 0.185399 0.424795 0.161383 0.422972
0 0.107589 0.423883 0.107589 0.446673 0.112392 0.453965 0.130644 0.454877 0.138329 0.451231 0.14121 0.433911 0.134486 0.420237 0.116234 0.415679
0 0.0653218 0.435734 0.0653218 0.449407 0.0730067 0.455789 0.0845341 0.4567 0.0960615 0.448496 0.0960615 0.432088 0.092219 0.425706 0.0768492 0.426618
0 0.0326609 0.431176 0.0317003 0.441203 0.0461095 0.44485 0.0537944 0.438469 0.0557157 0.428441 0.0509126 0.422972 0.0432277 0.422972
0 0.00960615 0.443938 0 0.443938 0 0.474932 0.0067243 0.476755 0.0220941 0.473108 0.0268972 0.463993 0.0240154 0.447584
0 0.0413064 0.458523 0.0413064 0.47402 0.0605187 0.473108 0.0614793 0.464904 0.054755 0.455789 0.0461095 0.453965
0 0.111431 0.467639 0.111431 0.483136 0.133525 0.485871 0.137368 0.478578 0.134486 0.467639
0 0.149856 0.473108 0.148895 0.486782 0.154659 0.494075 0.168108 0.495898 0.174832 0.492252 0.175793 0.474932 0.162344 0.469462 0.153698 0.469462
0 0.236311 0.477666 0.236311 0.490428 0.25072 0.505925 0.262248 0.507748 0.273775 0.501367 0.2805 0.480401 0.276657 0.468551 0.25072 0.464904 0.243996 0.467639
0 0.248799 0.428441 0.252642 0.447584 0.277618 0.457612 0.285303 0.455789 0.291066 0.430264 0.282421 0.418414 0.26513 0.414768
0 0.291066 0.486782 0.290106 0.505014 0.293948 0.509572 0.307397 0.512306 0.315082 0.50866 0.318924 0.500456 0.317963 0.488605 0.31316 0.481313 0.302594 0.47949
0 0.298751 0.448496 0.299712 0.463081 0.308357 0.470374 0.323727 0.470374 0.332373 0.463081 0.333333 0.449407 0.317963 0.433911 0.306436 0.437557
0 0.158501 0.391978 0.161383 0.406563 0.183477 0.412033 0.195965 0.407475 0.199808 0.389243 0.192123 0.378304 0.170029 0.373747
0 0.00288184 0.382862 0 0.383774 0 0.424795 0.0220941 0.428441 0.0326609 0.418414 0.0326609 0.382862
0 0.0432277 0.281677 0.0432277 0.308113 0.0509126 0.32361 0.0566763 0.329079 0.0710855 0.330902 0.0941402 0.308113 0.092219 0.284412 0.0883766 0.279854 0.0653218 0.272562 0.0489914 0.275296
0 0.0845341 0.336372 0.0883766 0.355515 0.113353 0.360985 0.131604 0.351869 0.136407 0.337284 0.135447 0.326345 0.127762 0.316317 0.108549 0.312671 0.0941402 0.320875
0 0.00384246 0.308113 0.00288184 0.315406 0.0115274 0.322698 0.0220941 0.325433 0.0365034 0.322698 0.0345821 0.302644 0.0278578 0.295351 0.012488 0.299909
0 0.00192123 0.241568 0 0.295351 0.0211335 0.278943 0.0163305 0.256153
0 0.0691643 0.240656 0.0682037 0.257065 0.0758886 0.26618 0.0960615 0.268915 0.108549 0.257976 0.10951 0.243391 0.101825 0.231541 0.0835735 0.230629
0 0.183477 0.184139 0.184438 0.20237 0.194044 0.211486 0.219981 0.209663 0.232469 0.192343 0.227666 0.176846 0.215178 0.16773 0.195005 0.169553
0 0.153698 0.140383 0.152738 0.151322 0.146013 0.161349 0.146974 0.171376 0.154659 0.178669 0.168108 0.178669 0.182517 0.163172 0.181556 0.152233 0.174832 0.143118 0.167147 0.139471 0.157541 0.137648
0 0.102786 0.154057 0.101825 0.16773 0.111431 0.177758 0.126801 0.178669 0.134486 0.171376 0.134486 0.154968 0.130644 0.147675 0.117195 0.144941
0 0.0845341 0.129444 0.0864553 0.140383 0.0979827 0.144941 0.105668 0.139471 0.10951 0.129444 0.107589 0.122151 0.101825 0.118505
0 0.180596 0.102097 0.179635 0.112124 0.184438 0.119417 0.200768 0.120328 0.212296 0.112124 0.211335 0.101185 0.206532 0.0975387 0.185399 0.0984503
0 0.220941 0.114859 0.220941 0.127621 0.229587 0.132179 0.241114 0.129444 0.247839 0.119417 0.246878 0.112124 0.239193 0.106655 0.227666 0.107566
0 0.192123 0.136737 0.191162 0.146764 0.196926 0.154057 0.210375 0.151322 0.212296 0.132179 0.196926 0.132179
0 0.274736 0.107566 0.273775 0.118505 0.28146 0.125798 0.292027 0.124886 0.301633 0.118505 0.301633 0.111212 0.291066 0.100273 0.279539 0.100273
0 0.224784 0.15041 0.223823 0.15588 0.230548 0.162261 0.238232 0.161349 0.244957 0.153145 0.239193 0.142206 0.233429 0.142206
0 0.149856 0.0920693 0.147935 0.102097 0.154659 0.108478 0.167147 0.104831 0.17195 0.0993619 0.17195 0.0929809 0.165226 0.0865998
0 0.122959 0.0902461 0.123919 0.0993619 0.137368 0.0993619 0.138329 0.0920693 0.134486 0.0875114 0.128722 0.0856882
0 0.209414 0.393801 0.207493 0.411121 0.211335 0.419325 0.21806 0.42206 0.243036 0.423883 0.257445 0.407475 0.257445 0.393801 0.247839 0.383774 0.222863 0.383774 0.21902 0.381039 0.212296 0.383774
0 0.20365 0.443938 0.201729 0.4567 0.207493 0.465816 0.217099 0.471285 0.226705 0.470374 0.23439 0.459435 0.232469 0.440292 0.225744 0.434822 0.216138 0.434822
0 0.24976 0.516864 0.248799 0.522334 0.254563 0.526892 0.262248 0.527803 0.26513 0.524157 0.263208 0.515041
0 0.268972 0.522334 0.268972 0.535096 0.279539 0.547858 0.292988 0.548769 0.301633 0.542388 0.305476 0.527803 0.289145 0.515041 0.2805 0.514129
0 0.067243 0.100273 0.0682037 0.111212 0.0730067 0.113947 0.0845341 0.110301 0.0883766 0.104831 0.0864553 0.0975387 0.0787704 0.0920693 0.0720461 0.0938924
0 0.253602 0.129444 0.253602 0.144941 0.257445 0.148587 0.26513 0.146764 0.270893 0.139471 0.271854 0.129444 0.264169 0.125798
0 0.245917 0.176846 0.247839 0.195077 0.26609 0.196901 0.272815 0.187785 0.275696 0.1732 0.271854 0.164084 0.257445 0.160438 0.25072 0.164995
0 0.0845341 0.192343 0.0816523 0.196901 0.0845341 0.212397 0.0951009 0.223336 0.115274 0.22516 0.127762 0.213309 0.127762 0.197812 0.121998 0.187785 0.100865 0.182315
