0 0.866295 0.911917 0.865367 0.93886 0.876509 0.956477 0.890436 0.963731 0.902507 0.964767 0.909935 0.962694 0.921077 0.949223 0.926648 0.923316 0.91922 0.898446 0.909935 0.887047 0.893222 0.882902 0.878366 0.889119
0 0.806871 0.934715 0.805942 0.962694 0.815227 0.982383 0.831941 0.988601 0.853296 0.977202 0.85701 0.946114 0.850511 0.933679 0.837512 0.924352 0.81987 0.92228
0 0.792015 0.872539 0.793872 0.892228 0.797586 0.900518 0.808728 0.909845 0.825441 0.907772 0.834726 0.893264 0.836583 0.868394 0.828227 0.86114 0.818013 0.856995 0.805942 0.858031 0.798514 0.862176
0 0.845868 0.853886 0.84494 0.862176 0.850511 0.873575 0.85701 0.879793 0.870938 0.881865 0.883008 0.871503 0.887651 0.84456 0.880223 0.832124 0.867224 0.829016 0.850511 0.840415
0 0.896936 0.845596 0.896936 0.86943 0.905292 0.874611 0.918292 0.871503 0.922934 0.860104 0.920149 0.84456 0.914578 0.838342 0.905292 0.836269
0 0.930362 0.865285 0.924791 0.880829 0.935005 0.911917 0.945218 0.919171 0.974002 0.916062 0.982358 0.892228 0.982358 0.872539 0.978644 0.866321 0.959146 0.846632 0.938719 0.853886
0 0.935005 0.937824 0.936862 0.959585 0.945218 0.972021 0.959146 0.977202 0.970288 0.974093 0.982358 0.959585 0.982358 0.944041 0.973073 0.928497 0.945218 0.926425
0 0.862581 0.981347 0.861653 0.998964 0.899721 0.998964 0.899721 0.982383 0.896007 0.977202 0.872795 0.973057
0 0.911792 0.976166 0.912721 0.995855 0.915506 0.998964 0.931291 0.998964 0.936862 0.986528 0.935933 0.973057 0.924791 0.966839
0 0.874652 0.780311 0.872795 0.794819 0.877437 0.812435 0.889508 0.823834 0.907149 0.82487 0.918292 0.805181 0.918292 0.792746 0.911792 0.772021 0.903435 0.764767 0.886722 0.764767
0 0.921077 0.818653 0.91922 0.827979 0.927577 0.843523 0.936862 0.846632 0.947075 0.838342 0.948004 0.820725 0.943361 0.812435 0.935933 0.80829 0.927577 0.809326
0 0.820799 0.782383 0.817084 0.801036 0.824513 0.820725 0.839369 0.826943 0.852368 0.825907 0.861653 0.810363 0.858867 0.787565 0.844011 0.77513 0.833798 0.77513
0 0.77623 0.822798 0.77623 0.841451 0.785515 0.849741 0.807799 0.847668 0.815227 0.832124 0.811513 0.81658 0.796657 0.805181 0.783658 0.809326
0 0.708449 0.78342 0.707521 0.809326 0.712163 0.822798 0.718663 0.829016 0.749304 0.833161 0.761374 0.826943 0.769731 0.814508 0.770659 0.784456 0.766017 0.77513 0.753018 0.764767 0.727019 0.764767 0.714949 0.772021
0 0.786444 0.768912 0.78273 0.782383 0.787372 0.792746 0.797586 0.794819 0.806871 0.787565 0.808728 0.778238 0.804085 0.767876 0.7948 0.764767
0 0.840297 0.73057 0.83844 0.750259 0.847725 0.763731 0.86351 0.766839 0.870938 0.762694 0.87558 0.751295 0.872795 0.729534 0.855153 0.720207
0 0.884865 0.720207 0.883008 0.733679 0.886722 0.744041 0.896936 0.753368 0.910864 0.752332 0.913649 0.740933 0.905292 0.725389 0.895079 0.717098
0 0.840297 0.664249 0.841226 0.688083 0.855153 0.707772 0.868152 0.71399 0.884865 0.708808 0.891365 0.696373 0.892293 0.681865 0.881151 0.659067 0.873723 0.653886 0.859796 0.65285
0 0.778087 0.684974 0.777159 0.697409 0.780873 0.708808 0.7948 0.728497 0.814299 0.733679 0.831012 0.723316 0.835655 0.709845 0.835655 0.695337 0.824513 0.674611 0.809656 0.667358 0.799443 0.667358 0.786444 0.672539
0 0.680594 0.712953 0.679666 0.73886 0.688022 0.756477 0.71402 0.763731 0.731662 0.753368 0.737233 0.729534 0.732591 0.716062 0.723305 0.705699 0.701021 0.699482 0.689879 0.702591
0 0.747447 0.721244 0.743733 0.734715 0.748375 0.752332 0.762303 0.761658 0.769731 0.761658 0.779944 0.752332 0.784587 0.733679 0.773445 0.717098 0.75766 0.71399
0 0.811513 0.748187 0.808728 0.754404 0.810585 0.767876 0.825441 0.768912 0.830084 0.761658 0.829155 0.749223 0.817084 0.744041
0 0.90065 0.684974 0.898793 0.700518 0.909935 0.716062 0.930362 0.724352 0.942433 0.724352 0.951718 0.718135 0.953575 0.697409 0.939647 0.676684 0.918292 0.671503
0 0.836583 0.610363 0.836583 0.62487 0.84494 0.640415 0.85701 0.646632 0.87558 0.643523 0.880223 0.622798 0.869081 0.603109 0.859796 0.597927 0.848654 0.597927
0 0.752089 0.98342 0.752089 0.998964 0.798514 0.998964 0.797586 0.974093 0.785515 0.963731 0.766945 0.964767 0.754875 0.97513
0 0.680594 0.980311 0.680594 0.998964 0.728877 0.998964 0.725162 0.981347 0.709378 0.969948 0.685237 0.972021
0 0.576602 0.994819 0.575673 0.998964 0.620241 0.998964 0.613742 0.98342 0.6026 0.976166 0.585887 0.982383
0 0.528319 0.978238 0.527391 0.998964 0.56546 0.998964 0.567317 0.995855 0.568245 0.980311 0.554318 0.963731 0.539461 0.967876
0 0.486537 0.963731 0.48468 0.998964 0.514392 0.998964 0.519034 0.98342 0.516249 0.964767 0.504178 0.95544 0.493965 0.956477
0 0.535747 0.897409 0.532962 0.919171 0.543175 0.941969 0.559889 0.952332 0.572888 0.946114 0.581244 0.935751 0.58403 0.924352 0.582173 0.907772 0.574745 0.894301 0.556175 0.884974 0.545032 0.888083
0 0.587744 0.925389 0.586815 0.93886 0.591458 0.956477 0.600743 0.967876 0.615599 0.969948 0.636026 0.957513 0.642526 0.931606 0.63324 0.915026 0.618384 0.909845 0.604457 0.910881 0.593315 0.915026
0 0.480966 0.888083 0.480037 0.906736 0.491179 0.936788 0.501393 0.940933 0.523677 0.927461 0.523677 0.897409 0.511606 0.881865 0.501393 0.874611 0.493036 0.874611
0 0.477252 0.820725 0.476323 0.843523 0.486537 0.858031 0.506964 0.864249 0.525534 0.849741 0.526462 0.835233 0.516249 0.813472 0.50325 0.806218 0.493965 0.806218
0 0.543175 0.810363 0.538533 0.820725 0.538533 0.842487 0.547818 0.868394 0.570102 0.879793 0.590529 0.86943 0.597029 0.855959 0.597029 0.839378 0.587744 0.815544 0.566388 0.801036 0.551532 0.802073
0 0.599814 0.803109 0.599814 0.814508 0.606314 0.831088 0.613742 0.839378 0.623027 0.841451 0.634169 0.832124 0.636955 0.81658 0.628598 0.801036 0.610956 0.795855
0 0.589601 0.757513 0.589601 0.77513 0.597957 0.784456 0.611885 0.787565 0.62117 0.780311 0.622098 0.766839 0.609099 0.749223 0.597029 0.74715
0 0.512535 0.740933 0.510678 0.751295 0.519034 0.772021 0.54039 0.787565 0.564531 0.789637 0.573816 0.782383 0.581244 0.768912 0.583101 0.74715 0.580316 0.734715 0.572888 0.724352 0.560817 0.717098 0.536676 0.719171
0 0.467038 0.74715 0.46611 0.765803 0.480966 0.788601 0.490251 0.794819 0.497679 0.794819 0.512535 0.782383 0.513463 0.767876 0.50325 0.74715 0.488394 0.739896 0.473538 0.740933
0 0.429898 0.765803 0.428969 0.779275 0.433612 0.788601 0.445682 0.797927 0.452182 0.797927 0.460539 0.78342 0.458682 0.769948 0.449396 0.762694 0.433612 0.761658
0 0.41597 0.682902 0.41597 0.701554 0.433612 0.727461 0.46611 0.732642 0.475395 0.729534 0.480966 0.721244 0.48468 0.698446 0.463324 0.675648 0.431755 0.665285 0.423398 0.66943
0 0.626741 0.609326 0.625812 0.626943 0.629526 0.638342 0.643454 0.65285 0.661096 0.651813 0.680594 0.633161 0.680594 0.622798 0.670381 0.602073 0.660167 0.593782 0.641597 0.594819
0 0.564531 0.594819 0.566388 0.612435 0.581244 0.62487 0.603528 0.626943 0.62117 0.614508 0.618384 0.586528 0.61467 0.578238 0.6026 0.567876 0.578459 0.574093
0 0.408542 0.732642 0.407614 0.73886 0.41597 0.750259 0.426184 0.754404 0.433612 0.749223 0.43454 0.736788 0.428969 0.73057 0.417827 0.727461
0 0.384401 0.692228 0.383473 0.701554 0.389972 0.717098 0.407614 0.719171 0.411328 0.71399 0.407614 0.695337 0.394615 0.687047
0 0.354689 0.635233 0.351903 0.654922 0.356546 0.664249 0.375116 0.67772 0.386258 0.674611 0.389972 0.656995 0.380687 0.635233 0.369545 0.630052
0 0.388115 0.613472 0.38533 0.633161 0.396472 0.654922 0.420613 0.663212 0.433612 0.655959 0.437326 0.633161 0.433612 0.620725 0.42247 0.605181 0.402971 0.601036 0.392758 0.605181
0 0.294336 0.581347 0.296193 0.597927 0.310121 0.613472 0.324977 0.622798 0.347261 0.625907 0.355617 0.615544 0.358403 0.589637 0.343547 0.572021 0.325905 0.563731 0.311049 0.563731 0.299907 0.568912
0 0.370474 0.567876 0.368617 0.584456 0.374188 0.593782 0.386258 0.598964 0.3974 0.595855 0.401114 0.576166 0.396472 0.567876 0.384401 0.560622
0 0.444754 0.573057 0.446611 0.602073 0.463324 0.626943 0.483751 0.633161 0.501393 0.622798 0.507892 0.609326 0.509749 0.593782 0.495822 0.564767 0.483751 0.557513 0.473538 0.556477 0.452182 0.563731
0 0.4039 0.510881 0.4039 0.533679 0.42247 0.557513 0.449396 0.558549 0.461467 0.546114 0.46611 0.525389 0.465181 0.506736 0.461467 0.494301 0.455896 0.490155 0.438254 0.483938 0.425255 0.48601 0.407614 0.501554
0 0.470752 0.487047 0.469824 0.511917 0.479109 0.528497 0.497679 0.533679 0.51532 0.525389 0.522748 0.501554 0.522748 0.483938 0.514392 0.466321 0.504178 0.462176 0.483751 0.466321 0.476323 0.473575
0 0.4039 0.442487 0.402043 0.45285 0.406685 0.460104 0.428041 0.474611 0.443825 0.478756 0.467038 0.476684 0.480966 0.455959 0.476323 0.430052 0.454039 0.412435 0.437326 0.414508
0 0.482823 0.418653 0.483751 0.438342 0.495822 0.451813 0.511606 0.458031 0.523677 0.450777 0.526462 0.436269 0.516249 0.420725 0.49675 0.410363
0 0.534819 0.448705 0.532962 0.462176 0.543175 0.482902 0.56546 0.493264 0.574745 0.489119 0.574745 0.46943 0.560817 0.447668 0.545032 0.440415
0 0.575673 0.497409 0.574745 0.516062 0.587744 0.53057 0.604457 0.537824 0.616527 0.531606 0.622098 0.510881 0.61467 0.491192 0.587744 0.487047
0 0.574745 0.440415 0.573816 0.46114 0.585887 0.47772 0.601671 0.482902 0.613742 0.478756 0.619313 0.472539 0.623027 0.46114 0.622098 0.446632 0.612813 0.427979 0.600743 0.421762 0.591458 0.421762 0.58403 0.42487
0 0.623955 0.479793 0.622098 0.493264 0.629526 0.52228 0.647168 0.524352 0.663881 0.518135 0.669452 0.504663 0.668524 0.489119 0.654596 0.467358 0.635097 0.466321
0 0.610028 0.552332 0.608171 0.564767 0.610956 0.570984 0.628598 0.59171 0.649025 0.589637 0.665738 0.570984 0.66481 0.545078 0.650882 0.53057 0.627669 0.528497 0.617456 0.536788
0 0.670381 0.570984 0.670381 0.589637 0.680594 0.605181 0.700093 0.609326 0.716806 0.597927 0.716806 0.579275 0.705664 0.562694 0.685237 0.557513
0 0.69545 0.627979 0.694522 0.639378 0.701021 0.647668 0.714949 0.650777 0.721448 0.64456 0.721448 0.625907 0.713092 0.617617 0.70195 0.619689
0 0.722377 0.597927 0.726091 0.625907 0.735376 0.634197 0.760446 0.634197 0.773445 0.621762 0.774373 0.601036 0.769731 0.59171 0.756732 0.581347 0.734448 0.58342
0 0.759517 0.550259 0.759517 0.566839 0.766945 0.579275 0.78273 0.585492 0.792015 0.585492 0.798514 0.580311 0.800371 0.551295 0.790158 0.534715 0.781801 0.531606 0.767874 0.533679
0 0.785515 0.492228 0.784587 0.516062 0.797586 0.533679 0.815227 0.539896 0.824513 0.537824 0.831941 0.53057 0.835655 0.510881 0.830084 0.494301 0.820799 0.482902 0.812442 0.478756 0.803157 0.479793
0 0.730734 0.481865 0.732591 0.504663 0.742804 0.519171 0.761374 0.525389 0.77623 0.515026 0.779944 0.489119 0.767874 0.467358 0.758589 0.463212 0.743733 0.464249
0 0.708449 0.533679 0.709378 0.554404 0.718663 0.567876 0.740947 0.570984 0.749304 0.563731 0.752089 0.537824 0.73909 0.52228 0.723305 0.519171
0 0.803157 0.587565 0.800371 0.595855 0.811513 0.613472 0.824513 0.615544 0.829155 0.611399 0.831012 0.593782 0.824513 0.581347 0.812442 0.580311
0 0.808728 0.62487 0.805942 0.630052 0.808728 0.653886 0.822656 0.663212 0.832869 0.66114 0.836583 0.639378 0.831012 0.629016 0.823584 0.622798
0 0.779944 0.602073 0.779944 0.613472 0.785515 0.622798 0.796657 0.62487 0.8013 0.619689 0.803157 0.612435 0.795729 0.594819 0.785515 0.594819
0 0.770659 0.634197 0.768802 0.65285 0.78273 0.668394 0.799443 0.656995 0.800371 0.643523 0.795729 0.633161 0.780873 0.627979
0 0.72052 0.659067 0.719591 0.689119 0.727019 0.696373 0.744661 0.704663 0.759517 0.703627 0.766017 0.698446 0.771588 0.676684 0.770659 0.667358 0.762303 0.654922 0.736305 0.64456 0.728877 0.646632
0 0.841226 0.899482 0.842154 0.91399 0.849582 0.919171 0.854225 0.918135 0.860724 0.906736 0.858867 0.892228 0.848654 0.889119
0 0.666667 0.52228 0.667595 0.541969 0.675952 0.551295 0.688022 0.552332 0.700093 0.539896 0.699164 0.521244 0.692665 0.512953 0.673166 0.51399
0 0.696379 0.489119 0.697307 0.503627 0.702878 0.511917 0.713092 0.51399 0.722377 0.504663 0.72052 0.48601 0.70195 0.481865
0 0.69545 0.435233 0.69545 0.45285 0.702878 0.468394 0.712163 0.473575 0.727019 0.473575 0.733519 0.46114 0.733519 0.454922 0.725162 0.435233 0.714949 0.425907 0.70195 0.426943
0 0.624884 0.419689 0.623955 0.439378 0.63324 0.455959 0.645311 0.458031 0.657382 0.451813 0.662024 0.442487 0.662024 0.432124 0.657382 0.420725 0.643454 0.413472 0.631383 0.413472
0 0.636026 0.37513 0.635097 0.394819 0.643454 0.407254 0.652739 0.412435 0.668524 0.40829 0.671309 0.402073 0.671309 0.38342 0.662953 0.373057 0.642526 0.368912
0 0.682451 0.38342 0.682451 0.402073 0.690808 0.414508 0.697307 0.418653 0.707521 0.418653 0.71402 0.413472 0.716806 0.396891 0.703807 0.379275 0.698236 0.37513 0.690808 0.37513
0 0.661096 0.458031 0.660167 0.464249 0.672238 0.484974 0.688022 0.483938 0.698236 0.473575 0.690808 0.453886 0.678737 0.44456 0.667595 0.448705
0 0.58403 0.38342 0.582173 0.397927 0.585887 0.406218 0.594243 0.412435 0.615599 0.415544 0.627669 0.405181 0.623955 0.376166 0.61467 0.367876 0.595172 0.369948
0 0.51532 0.379275 0.511606 0.396891 0.525534 0.419689 0.555246 0.435233 0.564531 0.435233 0.571959 0.431088 0.57753 0.414508 0.575673 0.396891 0.56546 0.381347 0.54039 0.366839 0.523677 0.368912
0 0.547818 0.337824 0.547818 0.349223 0.553389 0.360622 0.570102 0.373057 0.588672 0.368912 0.598886 0.352332 0.5961 0.337824 0.585887 0.326425 0.578459 0.323316 0.562674 0.323316
0 0.495822 0.323316 0.497679 0.33886 0.511606 0.35544 0.52182 0.359585 0.536676 0.352332 0.539461 0.333679 0.531105 0.316062 0.52182 0.311917 0.506964 0.311917
0 0.465181 0.358549 0.464253 0.376166 0.467038 0.380311 0.498607 0.385492 0.508821 0.377202 0.507892 0.363731 0.495822 0.351295 0.480966 0.350259
0 0.435469 0.293264 0.435469 0.312953 0.448468 0.335751 0.461467 0.343005 0.470752 0.343005 0.480966 0.337824 0.489322 0.32228 0.488394 0.308808 0.481894 0.295337 0.473538 0.288083 0.462396 0.284974 0.451253 0.284974
0 0.380687 0.258031 0.381616 0.274611 0.3974 0.297409 0.410399 0.300518 0.42247 0.294301 0.428969 0.28601 0.428969 0.268394 0.419684 0.255959 0.407614 0.246632 0.389972 0.247668
0 0.428041 0.230052 0.426184 0.241451 0.429898 0.251813 0.440111 0.266321 0.451253 0.273575 0.474466 0.273575 0.482823 0.26943 0.488394 0.26114 0.489322 0.234197 0.482823 0.22487 0.469824 0.215544 0.454039 0.212435 0.445682 0.217617 0.444754 0.213472 0.43454 0.219689
0 0.501393 0.219689 0.500464 0.241451 0.506035 0.254922 0.513463 0.262176 0.535747 0.267358 0.554318 0.255959 0.557103 0.233161 0.542247 0.210363 0.53389 0.207254 0.510678 0.209326
0 0.490251 0.275648 0.490251 0.294301 0.504178 0.303627 0.51532 0.299482 0.522748 0.289119 0.519963 0.278756 0.511606 0.271503 0.501393 0.268394
0 0.532033 0.28601 0.532033 0.299482 0.542247 0.315026 0.557103 0.315026 0.568245 0.310881 0.573816 0.304663 0.574745 0.288083 0.55896 0.267358 0.541318 0.273575
0 0.563603 0.24456 0.562674 0.254922 0.566388 0.264249 0.588672 0.284974 0.611885 0.283938 0.620241 0.276684 0.627669 0.263212 0.628598 0.249741 0.624884 0.233161 0.62117 0.226943 0.605385 0.215544 0.593315 0.214508 0.575673 0.223834 0.566388 0.235233
0 0.619313 0.28601 0.619313 0.296373 0.626741 0.316062 0.645311 0.325389 0.661096 0.326425 0.668524 0.323316 0.675023 0.317098 0.679666 0.305699 0.679666 0.293264 0.675952 0.284974 0.667595 0.274611 0.656453 0.267358 0.636955 0.267358
0 0.58403 0.301554 0.582173 0.310881 0.592386 0.323316 0.606314 0.325389 0.611885 0.321244 0.612813 0.307772 0.603528 0.296373 0.591458 0.295337
0 0.608171 0.333679 0.608171 0.350259 0.616527 0.361658 0.628598 0.364767 0.641597 0.359585 0.647168 0.346114 0.644383 0.333679 0.626741 0.326425 0.618384 0.326425
0 0.660167 0.337824 0.660167 0.352332 0.670381 0.366839 0.68338 0.369948 0.691736 0.365803 0.694522 0.354404 0.685237 0.335751 0.671309 0.33057
0 0.681523 0.309845 0.679666 0.325389 0.696379 0.340933 0.709378 0.340933 0.724234 0.33057 0.72052 0.31399 0.709378 0.302591 0.688022 0.299482
0 0.701021 0.356477 0.70195 0.368912 0.721448 0.389637 0.729805 0.389637 0.751161 0.379275 0.751161 0.358549 0.741876 0.348187 0.743733 0.345078 0.731662 0.33886 0.71402 0.340933
0 0.777159 0.453886 0.772516 0.463212 0.784587 0.478756 0.793872 0.479793 0.804085 0.473575 0.804085 0.459067 0.795729 0.450777 0.783658 0.448705
0 0.404828 0.170984 0.404828 0.18342 0.409471 0.194819 0.424327 0.206218 0.450325 0.203109 0.456825 0.196891 0.460539 0.185492 0.460539 0.172021 0.455896 0.160622 0.449396 0.154404 0.420613 0.152332 0.409471 0.160622
0 0.355617 0.170984 0.354689 0.185492 0.365831 0.202073 0.381616 0.203109 0.388115 0.2 0.393686 0.19171 0.391829 0.173057 0.379759 0.160622 0.36676 0.161658
0 0.294336 0.173057 0.292479 0.186528 0.296193 0.194819 0.303621 0.202073 0.312906 0.205181 0.32312 0.205181 0.337047 0.198964 0.345404 0.182383 0.33519 0.164767 0.321263 0.157513 0.307335 0.158549 0.299907 0.162694
0 0.391829 0.206218 0.387187 0.217617 0.389972 0.227979 0.395543 0.234197 0.401114 0.237306 0.408542 0.236269 0.418756 0.226943 0.418756 0.218653 0.413185 0.210363 0.406685 0.206218
0 0.261838 0.237306 0.26091 0.250777 0.272052 0.265285 0.27948 0.268394 0.310121 0.255959 0.318477 0.242487 0.319406 0.230052 0.314763 0.219689 0.307335 0.213472 0.282266 0.212435 0.271123 0.219689
0 0.23584 0.177202 0.233983 0.187565 0.236769 0.198964 0.247911 0.210363 0.269266 0.210363 0.275766 0.205181 0.282266 0.19171 0.27948 0.179275 0.266481 0.172021 0.249768 0.169948
0 0.179201 0.204145 0.178273 0.222798 0.191272 0.237306 0.208914 0.241451 0.219127 0.234197 0.225627 0.210363 0.224698 0.202073 0.220056 0.195855 0.211699 0.19171 0.196843 0.19171 0.184773 0.196891
0 0.164345 0.258031 0.164345 0.272539 0.168059 0.281865 0.175487 0.289119 0.195915 0.289119 0.2052 0.27772 0.204271 0.259067 0.195915 0.247668 0.175487 0.245596 0.168059 0.248705
0 0.178273 0.150259 0.181058 0.172021 0.194986 0.181347 0.212628 0.181347 0.228412 0.168912 0.227484 0.154404 0.21727 0.144041 0.195915 0.139896 0.181987 0.145078
0 0.233055 0.124352 0.233055 0.143005 0.241411 0.154404 0.253482 0.160622 0.28598 0.160622 0.294336 0.15544 0.303621 0.140933 0.301764 0.124352 0.296193 0.112953 0.275766 0.0994819 0.263695 0.100518 0.243268 0.108808
0 0.312906 0.121244 0.312906 0.134715 0.324048 0.148187 0.342618 0.153368 0.358403 0.139896 0.358403 0.121244 0.337976 0.106736 0.324048 0.109845
0 0.337976 0.0766839 0.338904 0.0984456 0.352832 0.109845 0.370474 0.112953 0.38533 0.0994819 0.38533 0.0673575 0.379759 0.0642487 0.363045 0.0601036 0.346332 0.0611399 0.340761 0.065285
0 0.392758 0.0694301 0.389972 0.0746114 0.392758 0.100518 0.406685 0.110881 0.418756 0.112953 0.427112 0.109845 0.441968 0.0891192 0.439183 0.0797927 0.426184 0.0673575 0.398329 0.0663212
0 0.367688 0.123316 0.367688 0.137824 0.372331 0.14715 0.379759 0.152332 0.400186 0.154404 0.408542 0.150259 0.415042 0.141969 0.411328 0.12228 0.391829 0.107772
0 0.276695 0.0601036 0.275766 0.0911917 0.283194 0.0984456 0.30455 0.109845 0.313835 0.108808 0.328691 0.0984456 0.332405 0.065285 0.327762 0.0518135 0.324048 0.053886 0.314763 0.0476684 0.310121 0.0507772 0.303621 0.0476684 0.28598 0.0476684 0.277623 0.053886
0 0.177344 0.0984456 0.178273 0.11399 0.190344 0.127461 0.195915 0.129534 0.219127 0.126425 0.227484 0.115026 0.225627 0.101554 0.212628 0.0849741 0.188487 0.0880829
0 0.116992 0.120207 0.115135 0.141969 0.131848 0.158549 0.149489 0.158549 0.168988 0.145078 0.172702 0.136788 0.170845 0.120207 0.154132 0.107772 0.143918 0.105699 0.126277 0.108808
0 0.0807799 0.164767 0.0817084 0.181347 0.091922 0.19171 0.107707 0.187565 0.116063 0.172021 0.115135 0.163731 0.102136 0.154404 0.0872795 0.157513
0 0.00928505 0.172021 0.00928505 0.185492 0.0148561 0.195855 0.0213556 0.204145 0.0306407 0.209326 0.0454968 0.209326 0.0594243 0.204145 0.0649954 0.198964 0.0705664 0.182383 0.0696379 0.170984 0.0612813 0.157513 0.0464253 0.149223 0.0250696 0.153368 0.0139276 0.162694
0 0.0501393 0.117098 0.0501393 0.13057 0.0538533 0.139896 0.0677809 0.151295 0.088208 0.148187 0.0965645 0.139896 0.102136 0.126425 0.102136 0.120207 0.095636 0.110881 0.0779944 0.103627 0.0622098 0.103627 0.0529248 0.110881
0 0.00371402 0.103627 0 0.106736 0 0.139896 0.0120706 0.146114 0.0306407 0.144041 0.0417827 0.126425 0.0399257 0.111917 0.0306407 0.102591
0 0.0817084 0.0766839 0.0807799 0.0901554 0.0984215 0.104663 0.116063 0.102591 0.12442 0.0953368 0.126277 0.080829 0.114206 0.0663212 0.091922 0.0673575 0.0854225 0.0704663
0 0.138347 0.0797927 0.135562 0.0891192 0.143918 0.0984456 0.164345 0.0994819 0.172702 0.0901554 0.171773 0.0787565 0.163417 0.0735751 0.156917 0.0725389
0 0.169916 0.0455959 0.168059 0.0621762 0.179201 0.0746114 0.188487 0.0797927 0.210771 0.0756477 0.21727 0.0673575 0.224698 0.0476684 0.222841 0.0393782 0.218199 0.0362694 0.194058 0.0279793 0.177344 0.0290155 0.171773 0.0362694
0 0.22377 0.0601036 0.220056 0.0766839 0.22377 0.0880829 0.229341 0.0943005 0.239554 0.0994819 0.247911 0.0994819 0.263695 0.0943005 0.271123 0.0880829 0.272052 0.0663212 0.261838 0.042487 0.255339 0.042487 0.25441 0.0466321 0.247911 0.042487 0.243268 0.0466321 0.233983 0.0466321
0 0.114206 0.0310881 0.114206 0.0590674 0.128134 0.0704663 0.137419 0.0725389 0.15506 0.0673575 0.16156 0.0621762 0.171773 0.0290155 0.16156 0.0176166 0.139276 0.0145078 0.118849 0.0217617
0 0.24234 0.543005 0.241411 0.556477 0.266481 0.570984 0.273909 0.570984 0.285051 0.560622 0.286908 0.548187 0.283194 0.536788 0.276695 0.531606 0.265552 0.528497 0.25441 0.53057
0 0.196843 0.546114 0.195915 0.55544 0.207057 0.563731 0.22377 0.564767 0.232126 0.556477 0.230269 0.549223 0.220056 0.540933 0.208914 0.539896
0 0.202414 0.509845 0.204271 0.523316 0.215413 0.532642 0.236769 0.533679 0.243268 0.524352 0.24234 0.508808 0.233983 0.500518 0.212628 0.499482
0 0.219127 0.456995 0.218199 0.46943 0.222841 0.479793 0.236769 0.494301 0.25441 0.494301 0.264624 0.489119 0.270195 0.480829 0.263695 0.455959 0.252553 0.440415 0.24234 0.439378 0.22377 0.449741
0 0.165274 0.432124 0.164345 0.445596 0.181987 0.464249 0.200557 0.465285 0.212628 0.455959 0.213556 0.439378 0.206128 0.426943 0.178273 0.419689 0.168988 0.423834
0 0.144847 0.481865 0.143918 0.501554 0.148561 0.515026 0.156917 0.52228 0.170845 0.525389 0.188487 0.515026 0.194986 0.504663 0.192201 0.487047 0.178273 0.471503 0.168059 0.46943 0.155989 0.472539
0 0.0947075 0.466321 0.093779 0.476684 0.0965645 0.483938 0.109564 0.495337 0.127205 0.495337 0.137419 0.482902 0.137419 0.470466 0.127205 0.454922 0.109564 0.45285 0.102136 0.455959
0 0.111421 0.407254 0.109564 0.421762 0.112349 0.434197 0.122563 0.445596 0.140204 0.447668 0.154132 0.438342 0.158774 0.431088 0.159703 0.420725 0.15506 0.407254 0.149489 0.394819 0.140204 0.386528 0.11792 0.395855
0 0.0482823 0.384456 0.0464253 0.392746 0.0519963 0.412435 0.0603528 0.425907 0.084494 0.429016 0.09935 0.418653 0.103064 0.40829 0.102136 0.382383 0.0928505 0.365803 0.0603528 0.358549
0 0.0464253 0.451813 0.0464253 0.471503 0.0557103 0.481865 0.0705664 0.484974 0.0807799 0.478756 0.086351 0.470466 0.086351 0.45285 0.0742804 0.436269 0.0575673 0.434197
0 0.00371402 0.437306 0 0.440415 0 0.470466 0.0213556 0.473575 0.0287837 0.46943 0.0324977 0.463212 0.0324977 0.451813 0.0259981 0.438342 0.0185701 0.433161
0 0.00464253 0.484974 0 0.490155 0 0.504663 0.00464253 0.509845 0.0176416 0.509845 0.0278552 0.502591 0.0269266 0.494301 0.0185701 0.483938
0 0.0389972 0.500518 0.0399257 0.51399 0.0482823 0.520207 0.0659239 0.52228 0.0779944 0.51399 0.0779944 0.504663 0.0742804 0.497409 0.0649954 0.490155 0.0501393 0.490155
0 0.088208 0.510881 0.0872795 0.519171 0.0909935 0.525389 0.09935 0.529534 0.112349 0.53057 0.119777 0.524352 0.119777 0.516062 0.113278 0.504663 0.101207 0.501554
0 0.130919 0.524352 0.129062 0.532642 0.133705 0.536788 0.147632 0.53886 0.152275 0.535751 0.150418 0.525389 0.143918 0.521244
0 0.167131 0.532642 0.160631 0.53886 0.160631 0.546114 0.166202 0.550259 0.181058 0.550259 0.18663 0.546114 0.177344 0.532642
0 0.274838 0.487047 0.271123 0.504663 0.275766 0.52228 0.293408 0.531606 0.311049 0.529534 0.318477 0.52228 0.320334 0.510881 0.314763 0.494301 0.314763 0.483938 0.284123 0.481865
0 0.320334 0.53057 0.320334 0.545078 0.328691 0.557513 0.348189 0.563731 0.357474 0.556477 0.358403 0.540933 0.351903 0.525389 0.337976 0.521244 0.324977 0.524352
0 0.145775 0.303627 0.145775 0.316062 0.139276 0.325389 0.146704 0.344041 0.157846 0.35544 0.181987 0.345078 0.190344 0.33057 0.192201 0.312953 0.171773 0.295337 0.159703 0.295337
