0 0.6409989594172737 0.89728453364817 0.6233090530697191 0.9031877213695395 0.6108220603537982 0.9256198347107438 0.6149843912591051 0.9421487603305785 0.63579604578564 0.9539551357733176 0.6493236212278877 0.9492325855962219 0.6618106139438086 0.9291617473435655 0.6607700312174818 0.9138134592680047 0.6566077003121749 0.9055489964580874 0.6462018730489074 0.89728453364817
0 0.6212278876170656 0.8240850059031877 0.5941727367325702 0.8347107438016529 0.586888657648283 0.8488783943329398 0.586888657648283 0.8630460448642266 0.5993756503642039 0.8760330578512396 0.6233090530697191 0.8890200708382526 0.6295525494276795 0.8890200708382526 0.6493236212278877 0.8736717827626919 0.6524453694068678 0.8583234946871311 0.6399583766909469 0.8311688311688312 0.6264308012486993 0.8240850059031877
0 0.6337148803329865 0.7544273907910272 0.6212278876170656 0.7579693034238488 0.6160249739854319 0.7638724911452184 0.6139438085327783 0.7910271546635183 0.6243496357960457 0.8122786304604487 0.6430801248699272 0.8170011806375442 0.6576482830385015 0.8063754427390791 0.6618106139438086 0.7827626918536009 0.6586888657648283 0.768595041322314 0.6545265348595213 0.7638724911452184 0.6430801248699272 0.755608028335301 0.6347554630593132 0.755608028335301
0 0.6951092611862643 0.7343565525383707 0.6805411030176899 0.7390791027154664 0.6732570239334027 0.7461629279811098 0.6701352757544224 0.7768595041322314 0.6826222684703434 0.79456906729634 0.6982310093652445 0.8004722550177096 0.7138397502601457 0.7969303423848878 0.7221644120707597 0.7756788665879575 0.7180020811654526 0.7473435655253837 0.7107180020811654 0.7390791027154664 0.6971904266389178 0.7343565525383707
0 0.7343048907388138 0.7992916174734357 0.7159209157127991 0.8028335301062574 0.7034339229968782 0.8240850059031877 0.7096774193548387 0.8488783943329398 0.7304890738813735 0.8618654073199528 0.7533818938605619 0.8488783943329398 0.7554630593132154 0.8417945690672963 0.7544224765868887 0.8122786304604487 0.7398543184183143 0.7992916174734357
0 0.7752341311134235 0.8760330578512396 0.7648283038501561 0.8783943329397875 0.7523413111342352 0.8878394332939787 0.7565036420395421 0.9079102715466352 0.7637877211238293 0.9149940968122786 0.7793964620187305 0.9149940968122786 0.7908428720083247 0.9031877213695395 0.7908428720083247 0.8878394332939787 0.7793964620187305 0.8760330578512396
0 0.6732570239334027 0.8028335301062574 0.663891779396462 0.8099173553719008 0.6586888657648283 0.820543093270366 0.6607700312174818 0.8382526564344747 0.668054110301769 0.8453364817001181 0.6826222684703434 0.8441558441558441 0.6919875130072841 0.8358913813459268 0.6951092611862643 0.8170011806375442 0.6815816857440167 0.8028335301062574
0 0.5744016649323621 0.7756788665879575 0.5671175858480749 0.7792207792207793 0.562955254942768 0.7874852420306966 0.5608740894901144 0.8134592680047226 0.5639958376690947 0.8240850059031877 0.5681581685744017 0.8276269185360094 0.5941727367325702 0.8276269185360094 0.603537981269511 0.820543093270366 0.6056191467221644 0.8016528925619835 0.5993756503642039 0.7863046044864227 0.5816857440166493 0.7756788665879575
0 0.4588969823100936 0.7331759149940968 0.44849115504682624 0.7367178276269185 0.4422476586888658 0.743801652892562 0.4380853277835588 0.7721369539551358 0.445369406867846 0.7744982290436836 0.4599375650364204 0.79456906729634 0.48283038501560877 0.8004722550177096 0.49739854318418314 0.7863046044864227 0.49739854318418314 0.7591499409681228 0.48491155046826223 0.7426210153482881 0.46097814776274715 0.7331759149940968
0 0.49739854318418314 0.8630460448642266 0.48803329864724243 0.8665879574970484 0.47658688865764826 0.8866587957497049 0.48074921956295524 0.8902007083825265 0.481789802289282 0.9020070838252656 0.48595213319458896 0.9079102715466352 0.5036420395421436 0.9185360094451004 0.5150884495317378 0.9197166469893743 0.5254942767950052 0.910271546635183 0.5275754422476587 0.8866587957497049 0.5254942767950052 0.8760330578512396 0.5171696149843913 0.8665879574970484 0.5067637877211238 0.8630460448642266
0 0.5431841831425598 0.859504132231405 0.5338189386056191 0.8689492325855962 0.5390218522372529 0.8925619834710744 0.5598335067637877 0.9031877213695395 0.5712799167533819 0.9008264462809917 0.5733610822060354 0.8807556080283353 0.578563995837669 0.8807556080283353 0.5744016649323621 0.8760330578512396 0.5764828303850156 0.872491145218418 0.5567117585848075 0.8606847697756789 0.5452653485952134 0.859504132231405
0 0.5764828303850156 0.910271546635183 0.5639958376690947 0.9126328217237308 0.5525494276795005 0.9303423848878394 0.5608740894901144 0.9539551357733176 0.5733610822060354 0.9645808736717828 0.5848074921956296 0.9634002361275088 0.5962539021852237 0.948051948051948 0.6024973985431842 0.9315230224321134 0.5941727367325702 0.9173553719008265 0.5827263267429761 0.910271546635183
0 0.6430801248699272 0.9622195985832349 0.63579604578564 0.9669421487603306 0.627471383975026 0.9799291617473436 0.6253902185223725 0.9988193624557261 0.6649323621227887 0.9988193624557261 0.668054110301769 0.987012987012987 0.6659729448491155 0.9763872491145218 0.6524453694068678 0.9622195985832349
0 0.5858480749219563 0.9728453364817001 0.5764828303850156 0.9763872491145218 0.5702393340270552 0.9834710743801653 0.5691987513007284 0.9988193624557261 0.6129032258064516 0.9988193624557261 0.6108220603537982 0.9940968122786304 0.6139438085327783 0.9893742621015348 0.6087408949011447 0.9799291617473436 0.5889698231009365 0.9728453364817001
0 0.6951092611862643 0.948051948051948 0.6836628511966701 0.9515938606847698 0.6732570239334027 0.9728453364817001 0.6753381893860562 0.9988193624557261 0.7377731529656608 0.9988193624557261 0.7398543184183143 0.987012987012987 0.7346514047866806 0.9657615112160567 0.7148803329864725 0.948051948051948 0.696149843912591 0.948051948051948
0 0.686264308012487 0.9055489964580874 0.6753381893860562 0.9079102715466352 0.6690946930280958 0.9208972845336482 0.6711758584807492 0.9338842975206612 0.6836628511966701 0.9421487603305785 0.6930280957336108 0.9397874852420307 0.700312174817898 0.9291617473435655 0.6992715920915713 0.9185360094451004 0.6919875130072841 0.9055489964580874
0 0.6909469302809573 0.846517119244392 0.6711758584807492 0.8559622195985832 0.6670135275754423 0.8630460448642266 0.6701352757544224 0.8831168831168831 0.6815816857440167 0.8937426210153483 0.6971904266389178 0.8902007083825265 0.708636836628512 0.8736717827626919 0.7065556711758585 0.8559622195985832 0.6930280957336108 0.846517119244392
0 0.7336108220603538 0.9090909090909091 0.7232049947970863 0.9173553719008265 0.7190426638917794 0.9386068476977568 0.7263267429760666 0.9504132231404959 0.7346514047866806 0.9551357733175915 0.7513007284079084 0.9492325855962219 0.7565036420395421 0.9421487603305785 0.7585848074921956 0.9279811097992916 0.7554630593132154 0.9173553719008265 0.740894901144641 0.9090909090909091
0 0.7648283038501561 0.9704840613931524 0.7492195629552549 0.9811097992916175 0.7492195629552549 0.9988193624557261 0.7991675338189386 0.9988193624557261 0.7939646201873048 0.9893742621015348 0.7679500520291364 0.9704840613931524
0 0.8189386056191468 0.9445100354191264 0.8074921956295525 0.9515938606847698 0.8033298647242456 0.961038961038961 0.8064516129032258 0.9787485242030697 0.8168574401664932 0.9881936245572609 0.8324661810613944 0.9858323494687131 0.841831425598335 0.9704840613931524 0.8407908428720083 0.9563164108618654 0.8272632674297606 0.9445100354191264
0 0.7793964620187305 0.9232585596221959 0.7710718002081165 0.9303423848878394 0.7679500520291364 0.9445100354191264 0.7752341311134235 0.9563164108618654 0.7814776274713839 0.9586776859504132 0.7929240374609782 0.9563164108618654 0.8002081165452654 0.9421487603305785 0.7981269510926119 0.9315230224321134 0.7877211238293444 0.9232585596221959
0 0.8168574401664932 0.9008264462809917 0.8106139438085328 0.9031877213695395 0.8043704474505723 0.911452184179457 0.8054110301768991 0.9279811097992916 0.8126951092611863 0.935064935064935 0.8241415192507804 0.9338842975206612 0.8314255983350677 0.9244391971664699 0.8324661810613944 0.9079102715466352 0.8241415192507804 0.9008264462809917
0 0.8522372528616025 0.9208972845336482 0.8449531737773153 0.9244391971664699 0.8397502601456815 0.935064935064935 0.8428720083246618 0.9433293978748524 0.850156087408949 0.948051948051948 0.858480749219563 0.9456906729634003 0.8626430801248699 0.935064935064935 0.8605619146722164 0.9268004722550177 0.8532778355879292 0.922077922077922
0 0.8616024973985432 0.9539551357733176 0.8522372528616025 0.9598583234946871 0.850156087408949 0.9811097992916175 0.8626430801248699 0.9964580873671782 0.882414151925078 0.9917355371900827 0.8876170655567117 0.9763872491145218 0.8855359001040582 0.9645808736717828 0.8792924037460979 0.9574970484061394 0.8699271592091571 0.9539551357733176
0 0.9125910509885536 0.9634002361275088 0.8959417273673257 0.9763872491145218 0.8969823100936525 0.9988193624557261 0.931321540062435 0.9988193624557261 0.9344432882414152 0.9893742621015348 0.931321540062435 0.9811097992916175 0.9334027055150884 0.9763872491145218 0.9302809573361083 0.974025974025974 0.931321540062435 0.9704840613931524 0.9219562955254943 0.9634002361275088
0 0.9032258064516129 0.898465171192444 0.8917793964620188 0.8996458087367178 0.882414151925078 0.9055489964580874 0.8730489073881373 0.922077922077922 0.8772112382934444 0.9456906729634003 0.8834547346514048 0.9527744982290437 0.8959417273673257 0.9574970484061394 0.9167533818938606 0.9539551357733176 0.9240374609781478 0.9492325855962219 0.927159209157128 0.9421487603305785 0.9292403746097815 0.9126328217237308 0.9105098855359001 0.898465171192444
0 0.8605619146722164 0.8701298701298701 0.8480749219562955 0.8736717827626919 0.841831425598335 0.8819362455726092 0.841831425598335 0.9067296340023613 0.8480749219562955 0.9126328217237308 0.8688865764828304 0.9067296340023613 0.8761706555671176 0.8937426210153483 0.8772112382934444 0.8866587957497049 0.8730489073881373 0.8772136953955135 0.8626430801248699 0.8701298701298701
0 0.8147762747138397 0.846517119244392 0.8054110301768991 0.8512396694214877 0.7970863683662851 0.8689492325855962 0.7991675338189386 0.8831168831168831 0.8106139438085328 0.8913813459268005 0.8220603537981269 0.8890200708382526 0.8303850156087409 0.8748524203069658 0.8314255983350677 0.8583234946871311 0.8210197710718002 0.846517119244392
0 0.7825182101977107 0.8311688311688312 0.7710718002081165 0.8370720188902007 0.7648283038501561 0.8476977567886659 0.7669094693028096 0.8559622195985832 0.7752341311134235 0.8665879574970484 0.7845993756503642 0.8654073199527745 0.7918834547346514 0.8512396694214877 0.7929240374609782 0.8382526564344747 0.785639958376691 0.8311688311688312
0 0.8522372528616025 0.8158205430932703 0.841831425598335 0.8229043683589138 0.8366285119667014 0.8382526564344747 0.841831425598335 0.8536009445100354 0.8532778355879292 0.8606847697756789 0.8616024973985432 0.8606847697756789 0.8730489073881373 0.8524203069657615 0.8740894901144641 0.8347107438016529 0.8699271592091571 0.8240850059031877 0.8574401664932362 0.8158205430932703
0 0.8969823100936525 0.8583234946871311 0.8834547346514048 0.8654073199527745 0.882414151925078 0.8819362455726092 0.8886576482830385 0.8902007083825265 0.9021852237252862 0.8878394332939787 0.9115504682622269 0.8795749704840614 0.9073881373569199 0.8618654073199528 0.8980228928199792 0.859504132231405
0 0.8969823100936525 0.8110979929161747 0.8803329864724245 0.820543093270366 0.8792924037460979 0.8252656434474617 0.882414151925078 0.8417945690672963 0.8896982310093653 0.8524203069657615 0.9021852237252862 0.8512396694214877 0.9115504682622269 0.8453364817001181 0.9146722164412071 0.8382526564344747 0.9115504682622269 0.8181818181818182 0.8980228928199792 0.8122786304604487
0 0.8761706555671176 0.7756788665879575 0.8595213319458896 0.7874852420306966 0.8595213319458896 0.8063754427390791 0.8709677419354839 0.8146399055489965 0.8761706555671176 0.8146399055489965 0.8896982310093653 0.8028335301062574 0.8896982310093653 0.7886658795749705 0.8803329864724245 0.7756788665879575
0 0.8511966701352758 0.7260920897284534 0.8335067637877211 0.743801652892562 0.8345473465140478 0.7662337662337663 0.841831425598335 0.7756788665879575 0.8616024973985432 0.7792207792207793 0.8772112382934444 0.7674144037780402 0.8782518210197711 0.7461629279811098 0.8709677419354839 0.731995277449823 0.8595213319458896 0.7260920897284534
0 0.8335067637877211 0.781582054309327 0.8272632674297606 0.7898465171192444 0.8272632674297606 0.7969303423848878 0.8335067637877211 0.8063754427390791 0.8407908428720083 0.8099173553719008 0.850156087408949 0.8051948051948052 0.8522372528616025 0.7933884297520661 0.841831425598335 0.781582054309327
0 0.8116545265348595 0.8004722550177096 0.8033298647242456 0.8063754427390791 0.8002081165452654 0.8158205430932703 0.8012486992715921 0.8288075560802833 0.8085327783558793 0.8370720188902007 0.8210197710718002 0.8358913813459268 0.8283038501560874 0.8252656434474617 0.8283038501560874 0.8099173553719008 0.8189386056191468 0.8004722550177096
0 0.777315296566077 0.7910271546635183 0.7669094693028096 0.79456906729634 0.7627471383975026 0.8004722550177096 0.7627471383975026 0.8134592680047226 0.7679500520291364 0.820543093270366 0.7835587929240374 0.820543093270366 0.7877211238293444 0.8158205430932703 0.7908428720083247 0.7981109799291618 0.7825182101977107 0.7910271546635183
0 0.7528616024973985 0.7638724911452184 0.7429760665972945 0.7650531286894924 0.7377731529656608 0.7721369539551358 0.7377731529656608 0.7851239669421488 0.745057232049948 0.79456906729634 0.7565036420395421 0.7933884297520661 0.7648283038501561 0.7851239669421488 0.7648283038501561 0.7697756788665879 0.7585848074921956 0.7638724911452184
0 0.8002081165452654 0.7296340023612751 0.7835587929240374 0.7402597402597403 0.7762747138397502 0.7615112160566706 0.7814776274713839 0.781582054309327 0.7950052029136316 0.7910271546635183 0.8074921956295525 0.7910271546635183 0.8147762747138397 0.7863046044864227 0.8231009365244537 0.7756788665879575 0.8272632674297606 0.7615112160566706 0.8231009365244537 0.7449822904368358 0.8126951092611863 0.7343565525383707 0.8012486992715921 0.730814639905549
0 0.8397502601456815 0.6906729634002361 0.8210197710718002 0.6942148760330579 0.8106139438085328 0.7024793388429752 0.8106139438085328 0.7237308146399055 0.8241415192507804 0.7343565525383707 0.8345473465140478 0.7343565525383707 0.8491155046826223 0.7201889020070839 0.8491155046826223 0.704840613931523 0.841831425598335 0.6906729634002361
0 0.7793964620187305 0.6788665879574971 0.7679500520291364 0.6906729634002361 0.7679500520291364 0.7083825265643447 0.7752341311134235 0.7213695395513577 0.7898022892819979 0.7249114521841794 0.7950052029136316 0.7225501770956316 0.7991675338189386 0.7131050767414404 0.8012486992715921 0.6977567886658795 0.7981269510926119 0.6871310507674144 0.7866805411030177 0.6788665879574971
0 0.7440166493236212 0.7131050767414404 0.7346514047866806 0.7166469893742621 0.7294484911550468 0.7272727272727273 0.7325702393340271 0.7449822904368358 0.7440166493236212 0.7544273907910272 0.7627471383975026 0.7508854781582054 0.7669094693028096 0.7402597402597403 0.7669094693028096 0.7249114521841794 0.7606659729448492 0.7166469893742621 0.7513007284079084 0.7131050767414404
0 0.6951092611862643 0.6706021251475797 0.6878251821019771 0.6753246753246753 0.6815816857440167 0.6883116883116883 0.6805411030176899 0.704840613931523 0.6899063475546305 0.7213695395513577 0.7065556711758585 0.7284533648170012 0.7263267429760666 0.7142857142857143 0.7273673257023934 0.7012987012987013 0.7252861602497399 0.6906729634002361 0.7159209157127991 0.6753246753246753 0.704474505723205 0.6706021251475797
0 0.6347554630593132 0.6729634002361276 0.6212278876170656 0.680047225501771 0.6139438085327783 0.693034238488784 0.6129032258064516 0.7249114521841794 0.6201873048907388 0.7390791027154664 0.6482830385015609 0.7497048406139315 0.6670135275754423 0.7390791027154664 0.6753381893860562 0.7201889020070839 0.6753381893860562 0.7131050767414404 0.6690946930280958 0.7036599763872491 0.6670135275754423 0.69185360094451 0.6586888657648283 0.6812278630460449 0.6503642039542143 0.6753246753246753 0.6378772112382934 0.6729634002361276
0 0.6649323621227887 0.6269185360094451 0.644120707596254 0.6458087367178277 0.644120707596254 0.6528925619834711 0.6534859521331946 0.6694214876033058 0.6711758584807492 0.6741440377804014 0.6815816857440167 0.6706021251475797 0.6888657648283039 0.6623376623376623 0.6899063475546305 0.6469893742621016 0.6847034339229969 0.6351829988193625 0.6690946930280958 0.6269185360094451
0 0.740894901144641 0.6446280991735537 0.7325702393340271 0.6458087367178277 0.7252861602497399 0.6517119244391971 0.7211238293444329 0.6694214876033058 0.7336108220603538 0.6906729634002361 0.7513007284079084 0.69185360094451 0.7606659729448492 0.6871310507674144 0.7648283038501561 0.6706021251475797 0.7596253902185224 0.6517119244391971 0.7460978147762747 0.6446280991735537
0 0.708636836628512 0.6044864226682408 0.6992715920915713 0.6080283353010626 0.6930280957336108 0.6186540731995277 0.6930280957336108 0.6340023612750886 0.6982310093652445 0.6434474616292798 0.7169614984391259 0.6446280991735537 0.7252861602497399 0.6363636363636364 0.7252861602497399 0.6127508854781583 0.7221644120707597 0.6080283353010626 0.7117585848074922 0.6044864226682408
0 0.7440166493236212 0.602125147579693 0.7356919875130072 0.6103896103896104 0.736732570239334 0.6245572609208973 0.7440166493236212 0.6351829988193625 0.7575442247658689 0.6375442739079102 0.7648283038501561 0.6304604486422668 0.7648283038501561 0.6233766233766234 0.7606659729448492 0.6103896103896104 0.7513007284079084 0.602125147579693
0 0.7783558792924038 0.6387249114521841 0.7731529656607701 0.6434474616292798 0.7710718002081165 0.6576151121605667 0.7762747138397502 0.6682408500590319 0.7877211238293444 0.6694214876033058 0.7939646201873048 0.6635182998819362 0.7970863683662851 0.654073199527745 0.7825182101977107 0.6387249114521841
0 0.8106139438085328 0.6564344746162928 0.8033298647242456 0.6599763872491146 0.8002081165452654 0.6706021251475797 0.8022892819979188 0.6824085005903188 0.8106139438085328 0.6906729634002361 0.8272632674297606 0.6859504132231405 0.8345473465140478 0.6788665879574971 0.8335067637877211 0.6646989374262101 0.8199791883454735 0.6564344746162928
0 0.8220603537981269 0.6068476977567887 0.8012486992715921 0.6127508854781583 0.7960457856399584 0.6186540731995277 0.7950052029136316 0.6387249114521841 0.8033298647242456 0.6505312868949232 0.8220603537981269 0.6505312868949232 0.8335067637877211 0.6422668240850059 0.8355879292403746 0.6186540731995277 0.8251821019771072 0.6068476977567887
0 0.8043704474505723 0.5667060212514758 0.7929240374609782 0.5726092089728453 0.7866805411030177 0.5808736717827627 0.7866805411030177 0.5962219598583235 0.7970863683662851 0.6068476977567887 0.813735691987513 0.6033057851239669 0.8210197710718002 0.5962219598583235 0.8199791883454735 0.5796930342384888 0.8085327783558793 0.5667060212514758
0 0.7783558792924038 0.5324675324675324 0.7648283038501561 0.5454545454545454 0.7648283038501561 0.5584415584415584 0.7721123829344433 0.5678866587957497 0.7825182101977107 0.5726092089728453 0.8012486992715921 0.5596221959858324 0.7991675338189386 0.5407319952774499 0.7866805411030177 0.5324675324675324
0 0.7627471383975026 0.5702479338842975 0.7523413111342352 0.5749704840613932 0.7513007284079084 0.5903187721369539 0.7596253902185224 0.5985832349468713 0.7710718002081165 0.6009445100354192 0.777315296566077 0.5926800472255017 0.7783558792924038 0.5808736717827627 0.7679500520291364 0.5702479338842975
0 0.7804370447450573 0.6056670602125147 0.7731529656607701 0.615112160566706 0.7752341311134235 0.6245572609208973 0.7793964620187305 0.628099173553719 0.785639958376691 0.6269185360094451 0.7898022892819979 0.6198347107438017 0.7898022892819979 0.6115702479338843 0.7835587929240374 0.6056670602125147
0 0.659729448491155 0.564344746162928 0.6462018730489074 0.5726092089728453 0.6430801248699272 0.5962219598583235 0.6586888657648283 0.615112160566706 0.6701352757544224 0.6174734356552538 0.6815816857440167 0.6127508854781583 0.6930280957336108 0.602125147579693 0.6940686784599376 0.5808736717827627 0.6847034339229969 0.5702479338842975 0.6659729448491155 0.564344746162928
0 0.7180020811654526 0.5548996458087367 0.7096774193548387 0.5560802833530106 0.7034339229968782 0.5631641086186541 0.7013527575442248 0.5808736717827627 0.7075962539021852 0.5914994096812278 0.7273673257023934 0.5985832349468713 0.7377731529656608 0.5879574970484062 0.7377731529656608 0.5808736717827627 0.7232049947970863 0.5548996458087367
0 0.7127991675338189 0.4982290436835891 0.7013527575442248 0.5053128689492326 0.6982310093652445 0.5230224321133412 0.708636836628512 0.5407319952774499 0.7242455775234131 0.5442739079102715 0.736732570239334 0.5324675324675324 0.7346514047866806 0.5159386068476978 0.7263267429760666 0.5041322314049587 0.7138397502601457 0.49940968122786306
0 0.7544224765868887 0.5017709563164109 0.7419354838709677 0.512396694214876 0.7440166493236212 0.5277449822904369 0.7513007284079084 0.5360094451003542 0.7658688865764828 0.5371900826446281 0.7741935483870968 0.5289256198347108 0.7752341311134235 0.5182998819362455 0.768990634755463 0.5064935064935064 0.7585848074921956 0.5017709563164109
0 0.7429760665972945 0.5395513577331759 0.736732570239334 0.5466351829988194 0.7377731529656608 0.5548996458087367 0.7460978147762747 0.5655253837072018 0.7523413111342352 0.5667060212514758 0.7606659729448492 0.5596221959858324 0.7606659729448492 0.5501770956316411 0.7554630593132154 0.5430932703659976 0.7460978147762747 0.5395513577331759
0 0.7294484911550468 0.46871310507674147 0.7221644120707597 0.4805194805194805 0.7211238293444329 0.4946871310507674 0.7356919875130072 0.5053128689492326 0.7419354838709677 0.5053128689492326 0.7513007284079084 0.4970484061393152 0.7544224765868887 0.48760330578512395 0.7440166493236212 0.47107438016528924 0.7356919875130072 0.46871310507674147
0 0.7023933402705516 0.4510035419126328 0.6826222684703434 0.4651711924439197 0.6815816857440167 0.4757969303423849 0.6951092611862643 0.4923258559622196 0.7065556711758585 0.4946871310507674 0.7180020811654526 0.4852420306965762 0.7200832466181062 0.46635182998819363 0.7159209157127991 0.45690672963400236 0.7034339229968782 0.4510035419126328
0 0.6524453694068678 0.448642266824085 0.6389177939646202 0.45454545454545453 0.6368366285119667 0.46871310507674147 0.6462018730489074 0.48406139315230223 0.659729448491155 0.4887839433293979 0.6701352757544224 0.4805194805194805 0.6722164412070759 0.46635182998819363 0.668054110301769 0.45690672963400236 0.6576482830385015 0.448642266824085
0 0.6742976066597295 0.4899645808736718 0.6690946930280958 0.4970484061393152 0.6701352757544224 0.5076741440377804 0.6732570239334027 0.51357733175915 0.6836628511966701 0.5159386068476978 0.6888657648283039 0.512396694214876 0.6919875130072841 0.5017709563164109 0.6815816857440167 0.4899645808736718
0 0.6774193548387096 0.5230224321133412 0.6690946930280958 0.5242030696576151 0.6628511966701353 0.5301062573789846 0.659729448491155 0.5442739079102715 0.6649323621227887 0.5537190082644629 0.6815816857440167 0.5596221959858324 0.6888657648283039 0.5572609208972845 0.6940686784599376 0.5489964580873672 0.6940686784599376 0.5371900826446281 0.6826222684703434 0.5230224321133412
0 0.6472424557752341 0.4946871310507674 0.6389177939646202 0.49940968122786306 0.6368366285119667 0.5100354191263282 0.6462018730489074 0.5230224321133412 0.6545265348595213 0.5242030696576151 0.6618106139438086 0.5182998819362455 0.6628511966701353 0.5064935064935064 0.6576482830385015 0.4970484061393152 0.6514047866805411 0.4946871310507674
0 0.6108220603537982 0.4639905548996458 0.6014568158168574 0.46989374262101535 0.5962539021852237 0.4899645808736718 0.603537981269511 0.5017709563164109 0.6118626430801248 0.5064935064935064 0.6233090530697191 0.5041322314049587 0.6305931321540063 0.4982290436835891 0.6326742976066597 0.4911452184179457 0.6305931321540063 0.4722550177095632 0.6201873048907388 0.4639905548996458
0 0.6129032258064516 0.5159386068476978 0.5983350676378772 0.525383707201889 0.595213319458897 0.5466351829988194 0.6077003121748179 0.5690672963400236 0.6222684703433923 0.5737898465171193 0.644120707596254 0.5608028335301063 0.6462018730489074 0.538370720188902 0.6451612903225806 0.5324675324675324 0.6305931321540063 0.5182998819362455 0.6212278876170656 0.5159386068476978
0 0.5691987513007284 0.538370720188902 0.554630593132154 0.5419126328217237 0.5431841831425598 0.5560802833530106 0.5452653485952134 0.58913813459268 0.554630593132154 0.5985832349468713 0.5681581685744017 0.6033057851239669 0.5858480749219563 0.5962219598583235 0.5920915712799167 0.5879574970484062 0.5848074921956296 0.5596221959858324 0.5712799167533819 0.538370720188902
0 0.5098855359001041 0.4946871310507674 0.4911550468262227 0.4970484061393152 0.4786680541103018 0.5147579693034239 0.48283038501560877 0.5466351829988194 0.49011446409989595 0.5560802833530106 0.5067637877211238 0.564344746162928 0.5192507804370448 0.5631641086186541 0.5254942767950052 0.5584415584415584 0.5369406867845994 0.526564344746163 0.5338189386056191 0.5218417945690673 0.5369406867845994 0.5182998819362455 0.5265348595213319 0.5017709563164109 0.5150884495317378 0.4946871310507674
0 0.5005202913631633 0.5820543093270366 0.4911550468262227 0.5903187721369539 0.4911550468262227 0.6115702479338843 0.5005202913631633 0.6233766233766234 0.5150884495317378 0.6257378984651711 0.5244536940686785 0.6186540731995277 0.5265348595213319 0.6044864226682408 0.5234131113423517 0.5950413223140496 0.5098855359001041 0.5820543093270366
0 0.5567117585848075 0.6080283353010626 0.5452653485952134 0.6162927981109799 0.5421436004162331 0.6316410861865407 0.5515088449531738 0.6481700118063755 0.5608740894901144 0.6528925619834711 0.5702393340270552 0.6517119244391971 0.5796045785639958 0.6446280991735537 0.5816857440166493 0.6269185360094451 0.5733610822060354 0.6139315230224321 0.5577523413111343 0.6080283353010626
0 0.522372528616025 0.6340023612750886 0.5078043704474505 0.6434474616292798 0.5067637877211238 0.6635182998819362 0.5161290322580645 0.6776859504132231 0.5338189386056191 0.6812278630460449 0.5431841831425598 0.6717827626918536 0.54630593132154 0.654073199527745 0.5390218522372529 0.6399055489964581 0.5254942767950052 0.6340023612750886
0 0.5702393340270552 0.6599763872491146 0.5619146722164412 0.6635182998819362 0.5556711758584808 0.6729634002361276 0.5556711758584808 0.6942148760330579 0.5598335067637877 0.7024793388429752 0.5691987513007284 0.7072018890200709 0.5879292403746098 0.7083825265643447 0.5931321540062435 0.7024793388429752 0.5972944849115505 0.6788665879574971 0.5889698231009365 0.6646989374262101 0.578563995837669 0.6599763872491146
0 0.5941727367325702 0.628099173553719 0.5889698231009365 0.6340023612750886 0.5910509885535901 0.6493506493506493 0.6045785639958376 0.6611570247933884 0.619146722164412 0.6635182998819362 0.6264308012486993 0.6576151121605667 0.6264308012486993 0.6375442739079102 0.6024973985431842 0.628099173553719
0 0.6045785639958376 0.5879574970484062 0.6056191467221644 0.5914994096812278 0.5993756503642039 0.5962219598583235 0.5962539021852237 0.6044864226682408 0.5972944849115505 0.6162927981109799 0.6139438085327783 0.6257378984651711 0.6285119667013528 0.6233766233766234 0.6337148803329865 0.6162927981109799 0.631633714880333 0.6056670602125147 0.63579604578564 0.5985832349468713 0.6253902185223725 0.5926800472255017 0.6264308012486993 0.5879574970484062 0.6066597294484911 0.5879574970484062
0 0.5848074921956296 0.71900826446281 0.5702393340270552 0.7249114521841794 0.5660770031217481 0.7296340023612751 0.5650364203954215 0.7390791027154664 0.5712799167533819 0.7567886658795749 0.5910509885535901 0.7697756788665879 0.6024973985431842 0.7662337662337663 0.6097814776274714 0.7579693034238488 0.6097814776274714 0.7367178276269185 0.6014568158168574 0.7237308146399055 0.5931321540062435 0.71900826446281
0 0.54630593132154 0.7449822904368358 0.5338189386056191 0.7497048406139315 0.5296566077003122 0.7567886658795749 0.5317377731529657 0.7697756788665879 0.5431841831425598 0.7827626918536009 0.5567117585848075 0.781582054309327 0.5671175858480749 0.7662337662337663 0.5650364203954215 0.7544273907910272 0.5525494276795005 0.7449822904368358
0 0.5296566077003122 0.807556080283353 0.518210197710718 0.8217237308146399 0.518210197710718 0.8358913813459268 0.5338189386056191 0.846517119244392 0.5442247658688866 0.8476977567886659 0.5494276795005203 0.8382526564344747 0.5473465140478668 0.820543093270366 0.5431841831425598 0.8122786304604487 0.5359001040582726 0.807556080283353
0 0.4852580645161291 0.8087367178276269 0.47346514047866806 0.8087367178276269 0.4599375650364204 0.8264462809917356 0.4578563995837669 0.8358913813459268 0.46409989594172735 0.8524203069657615 0.48595213319458896 0.8583234946871311 0.5026014568158168 0.8524203069657615 0.5046826222684704 0.8276269185360094 0.4984391259105099 0.8146399055489965 0.4911550468262227 0.8087367178276269
0 0.42039542143600417 0.8240850059031877 0.4141519250780437 0.8276269185360094 0.4099895941727367 0.8358913813459268 0.4099895941727367 0.8583234946871311 0.42767950052029136 0.8701298701298701 0.4432882414151925 0.8713105076741441 0.45369406867845996 0.8524203069657615 0.45265348595213317 0.8394332939787486 0.441207075962539 0.8288075560802833 0.4255983350676379 0.8240850059031877
0 0.4432882414151925 0.8783943329397875 0.43184183142559834 0.8819362455726092 0.42455775234131116 0.8913813459268005 0.42351716961498437 0.9079102715466352 0.4266389177939646 0.9149940968122786 0.4328824141519251 0.922077922077922 0.44432882414151925 0.9268004722550177 0.46618106139438087 0.9244391971664699 0.4724245577523413 0.9149940968122786 0.4713839750260146 0.8902007083825265 0.449531737773153 0.8783943329397875
0 0.4703433922996878 0.9338842975206612 0.4588969823100936 0.9421487603305785 0.4505723204994797 0.961038961038961 0.45161290322580644 0.9752066115702479 0.4672216441207076 0.9846517119244392 0.47762747138397504 0.9846517119244392 0.4869927159209157 0.9799291617473436 0.4984391259105099 0.9598583234946871 0.4953173777315297 0.9492325855962219 0.4755463059313215 0.9338842975206612
0 0.5218522372528616 0.9268004722550177 0.5088449531737773 0.9303423848878394 0.5057232049947971 0.9362455726092089 0.5057232049947971 0.9551357733175915 0.5171696149843913 0.9657615112160567 0.5359001040582726 0.9634002361275088 0.5411030176899063 0.9492325855962219 0.5400624349635796 0.9315230224321134 0.5275754422476587 0.9268004722550177
0 0.5296566077003122 0.6906729634002361 0.5202913631633714 0.6942148760330579 0.5161290322580645 0.7001180637544274 0.5171696149843913 0.7249114521841794 0.5317377731529657 0.7367178276269185 0.5442247658688866 0.7378984651711924 0.554630593132154 0.730814639905549 0.554630593132154 0.7095631641086186 0.5359001040582726 0.6906729634002361
0 0.42351716961498437 0.6646989374262101 0.41519250780437045 0.6682408500590319 0.40582726326742974 0.6788665879574971 0.4037460978147763 0.7095631641086186 0.41935483870967744 0.7284533648170012 0.44849115504682624 0.7296340023612751 0.45681581685744016 0.7237308146399055 0.46097814776274715 0.7131050767414404 0.4588969823100936 0.693034238488784 0.4474505723204995 0.6765053128689492 0.43184183142559834 0.6646989374262101
0 0.47762747138397504 0.7095631641086186 0.46930280957336107 0.7166469893742621 0.46514047866805414 0.7272727272727273 0.4838709677419355 0.7378984651711924 0.4911550468262227 0.7378984651711924 0.49739854318418314 0.7296340023612751 0.5109261186264308 0.7237308146399055 0.5046826222684704 0.7131050767414404 0.4786680541103018 0.7107438016528925
0 0.4947970863683663 0.6717827626918536 0.48074921956295524 0.6753246753246753 0.47658688865764826 0.6942148760330579 0.48595213319458896 0.7001180637544274 0.5057232049947971 0.7024793388429752 0.5119667013527576 0.6953955135773318 0.5109261186264308 0.6859504132231405 0.5067637877211238 0.6753246753246753 0.5015608740894901 0.6717827626918536
0 0.4703433922996878 0.6127508854781583 0.4630593132154006 0.6127508854781583 0.4599375650364204 0.6162927981109799 0.4464099895941727 0.6446280991735537 0.449531737773153 0.654073199527745 0.4630593132154006 0.667060212514758 0.4724245577523413 0.6706021251475797 0.4890738813735692 0.6658795749704841 0.4994797086368366 0.6517119244391971 0.4984391259105099 0.6292798110979929 0.48595213319458896 0.615112160566706 0.47762747138397504 0.6127508854781583
0 0.5556711758584808 0.4852420306965762 0.54630593132154 0.4970484061393152 0.54630593132154 0.5171192443919717 0.5608740894901144 0.5301062573789846 0.5723204994797086 0.5312868949232585 0.578563995837669 0.526564344746163 0.586888657648283 0.5088547815820543 0.578563995837669 0.4911452184179457 0.5650364203954215 0.4852420306965762
0 0.5275754422476587 0.9763872491145218 0.5192507804370448 0.9822904368358913 0.5119667013527576 0.9988193624557261 0.5567117585848075 0.9988193624557261 0.5504682622268471 0.987012987012987 0.5348595213319459 0.9763872491145218
0 0.42351716961498437 0.9551357733175915 0.4141519250780437 0.9657615112160567 0.41519250780437045 0.9799291617473436 0.42767950052029136 0.9905548996458088 0.43600416233090533 0.9905548996458088 0.445369406867846 0.9775678866587958 0.4432882414151925 0.9657615112160567 0.43704474505723206 0.9586776859504132 0.42767950052029136 0.9551357733175915
0 0.39021852237252863 0.8866587957497049 0.38189386056191466 0.8902007083825265 0.3798126951092612 0.9043683589138135 0.3850156087408949 0.9138134592680047 0.39438085327783556 0.9161747343565525 0.40270551508844954 0.911452184179457 0.404786680541103 0.9031877213695395 0.4006243496357961 0.8913813459268005 0.39125910509885536 0.8878394332939787
0 0.37669094693028093 0.8394332939787486 0.3673257023933403 0.8476977567886659 0.36628511966701355 0.8654073199527745 0.3777315296566077 0.8783943329397875 0.3891779396462019 0.8807556080283353 0.3975026014568158 0.8748524203069658 0.40270551508844954 0.8642266824085005 0.40270551508844954 0.8559622195985832 0.3995837669094693 0.8488783943329398 0.3850156087408949 0.8394332939787486
0 0.3558792924037461 0.7933884297520661 0.3433922996878252 0.8040141676505312 0.3413111342351717 0.8170011806375442 0.3517169614984391 0.8323494687131051 0.3673257023933403 0.8358913813459268 0.37669094693028093 0.8323494687131051 0.3829344432882414 0.8252656434474617 0.3839750260145682 0.8181818181818182 0.3798126951092612 0.8063754427390791 0.36524453694068676 0.7933884297520661
0 0.4037460978147763 0.7638724911452184 0.3891779396462019 0.7721369539551358 0.3839750260145682 0.7969303423848878 0.39334027055150883 0.8110979929161747 0.4172736732570239 0.8158205430932703 0.42767950052029136 0.8063754427390791 0.4308012486992716 0.7886658795749705 0.4214360041623309 0.7697756788665879 0.4068678459937565 0.7638724911452184
0 0.3451269510926118 0.641086186540732 0.3340270551508845 0.641086186540732 0.3215400624349636 0.6481700118063755 0.31321540062434966 0.6682408500590319 0.3173777315296566 0.6824085005903188 0.32570239334027057 0.693034238488784 0.34027055150884494 0.6977567886658795 0.35691987513007284 0.69185360094451 0.36420395421436 0.6753246753246753 0.36420395421436 0.6611570247933884 0.35796045785639957 0.6469893742621016 0.3506763787721124 0.641086186540732
0 0.3631633714880333 0.6942148760330579 0.34963579604578565 0.7012987012987013 0.3433922996878252 0.7095631641086186 0.3392299687825182 0.717827626918536 0.34027055150884494 0.7331759149940968 0.34235171696149846 0.7414403778040142 0.35796045785639957 0.7603305785123967 0.3631633714880333 0.7638724911452184 0.3798126951092612 0.7650531286894924 0.39854318418314255 0.7544273907910272 0.40582726326742974 0.7355371900826446 0.40582726326742974 0.7260920897284534 0.39542143600416235 0.7024793388429752 0.37148803329864727 0.6942148760330579
0 0.3381893860561915 0.7567886658795749 0.32882414151925077 0.7591499409681228 0.3215400624349636 0.7721369539551358 0.32466181061394384 0.7863046044864227 0.33610822060353795 0.79456906729634 0.3485952133194589 0.7922077922077922 0.35691987513007284 0.7827626918536009 0.3558792924037461 0.7638724911452184 0.34235171696149846 0.7567886658795749
0 0.31217481789802287 0.7201889020070839 0.3028095733610822 0.730814639905549 0.3028095733610822 0.743801652892562 0.3059313215400624 0.7508854781582054 0.31321540062434966 0.755608028335301 0.32570239334027057 0.755608028335301 0.3309053069719043 0.7508854781582054 0.33298647242455776 0.731995277449823 0.32882414151925077 0.7237308146399055 0.3194588969823101 0.7201889020070839
0 0.2851196670135276 0.6717827626918536 0.27471383975026015 0.6906729634002361 0.27471383975026015 0.7024793388429752 0.2892819979188345 0.717827626918536 0.30697190426638915 0.7166469893742621 0.3142559833506764 0.704840613931523 0.3152965660770031 0.6883116883116883 0.30801248699271594 0.6765053128689492 0.2934443288241415 0.6717827626918536
0 0.3839750260145682 0.6056670602125147 0.36940686784599375 0.6103896103896104 0.3610822060353798 0.6186540731995277 0.3590010405827263 0.6351829988193625 0.372528616024974 0.6635182998819362 0.3964620187304891 0.6682408500590319 0.41103017689906346 0.6505312868949232 0.40790842872008326 0.6493506493506493 0.4099895941727367 0.6434474616292798 0.404786680541103 0.6162927981109799 0.39334027055150883 0.6056670602125147
0 0.39542143600416235 0.538370720188902 0.3798126951092612 0.551357733175915 0.3777315296566077 0.5608028335301063 0.38189386056191466 0.5879574970484062 0.3964620187304891 0.5962219598583235 0.40582726326742974 0.5950413223140496 0.4141519250780437 0.5867768595041323 0.4183142559833507 0.5879574970484062 0.41935483870967744 0.5808736717827627 0.4255983350676379 0.5749704840613932 0.42455775234131116 0.5537190082644629 0.41519250780437045 0.5430932703659976 0.404786680541103 0.538370720188902
0 0.4380853277835588 0.4923258559622196 0.42039542143600417 0.49586776859504134 0.413111342351717 0.5147579693034239 0.4172736732570239 0.5324675324675324 0.42455775234131116 0.5419126328217237 0.4464099895941727 0.5478158205430933 0.45369406867845996 0.5430932703659976 0.4557752341311134 0.5360094451003542 0.4547346514047867 0.5053128689492326 0.44849115504682624 0.4935064935064935 0.43912591050988553 0.4923258559622196
0 0.4630593132154006 0.43919716646989376 0.449531737773153 0.4462809917355372 0.4474505723204995 0.4805194805194805 0.4599375650364204 0.4946871310507674 0.47346514047866806 0.49586776859504134 0.48595213319458896 0.48642266824085006 0.4921956295525494 0.4722550177095632 0.4921956295525494 0.4639905548996458 0.4890738813735692 0.45454545454545453 0.4786680541103018 0.4427390791027155 0.46409989594172735 0.43919716646989376
0 0.5265348595213319 0.43565525383707204 0.5088449531737773 0.44155844155844154 0.5026014568158168 0.4592680047225502 0.5067637877211238 0.4769775678866588 0.5234131113423517 0.48642266824085006 0.5359001040582726 0.48406139315230223 0.5473465140478668 0.4722550177095632 0.5473465140478668 0.45218417945690675 0.5338189386056191 0.43565525383707204
0 0.5824661810613944 0.4203069657615112 0.562955254942768 0.42266824085005905 0.5556711758584808 0.4344746162927981 0.5525494276795005 0.4474616292798111 0.5577523413111343 0.4628099173553719 0.5744016649323621 0.47461629279811096 0.5879292403746098 0.4722550177095632 0.6004162330905307 0.4592680047225502 0.6014568158168574 0.4462809917355372 0.5879292403746098 0.4203069657615112
0 0.619146722164412 0.42266824085005905 0.6087408949011447 0.43565525383707204 0.6108220603537982 0.44510035419126326 0.6181061394380853 0.45454545454545453 0.6305931321540063 0.45454545454545453 0.6347554630593132 0.4474616292798111 0.6347554630593132 0.43211334120425027 0.6201873048907388 0.42266824085005905
0 0.6295525494276795 0.3754427390791027 0.6149843912591051 0.3860684769775679 0.6149843912591051 0.4037780401416765 0.6233090530697191 0.41440377804014167 0.6368366285119667 0.4203069657615112 0.6514047866805411 0.41086186540731995 0.6545265348595213 0.39315230224321135 0.644120707596254 0.3778040141676505 0.6337148803329865 0.3754427390791027
0 0.6716961498439126 0.3919716646989374 0.6607700312174818 0.3955135773317591 0.6586888657648283 0.4085005903187721 0.659729448491155 0.41440377804014167 0.668054110301769 0.4214876033057851 0.6805411030176899 0.41912632821723733 0.6878251821019771 0.4085005903187721 0.6857440166493236 0.4002361275088548 0.6784599375650364 0.3919716646989374
0 0.6888657648283039 0.42266824085005905 0.6732570239334027 0.42857142857142855 0.6690946930280958 0.4344746162927981 0.6711758584807492 0.4498229043683589 0.6805411030176899 0.45808736717827625 0.7023933402705516 0.448642266824085 0.7065556711758585 0.4427390791027155 0.7013527575442248 0.4309327036599764 0.6899063475546305 0.42384887839433294
0 0.6503642039542143 0.41912632821723733 0.6420395421436004 0.42739079102715466 0.644120707596254 0.4344746162927981 0.6493236212278877 0.43919716646989376 0.6607700312174818 0.43919716646989376 0.663891779396462 0.4332939787485242 0.6628511966701353 0.42502951593860683 0.6514047866805411 0.41912632821723733
0 0.6004162330905307 0.4037780401416765 0.595213319458897 0.40968122786304606 0.5941727367325702 0.41912632821723733 0.6014568158168574 0.42621015348288077 0.6077003121748179 0.42502951593860683 0.6139438085327783 0.4179456906729634 0.6129032258064516 0.41086186540731995 0.6056191467221644 0.4037780401416765
0 0.5712799167533819 0.3837072018890201 0.5639958376690947 0.38961038961038963 0.562955254942768 0.3990554899645809 0.5712799167533819 0.41086186540731995 0.5827263267429761 0.41204250295159384 0.5879292403746098 0.40731995277449823 0.5889698231009365 0.39787485242030696 0.5858480749219563 0.38961038961038963 0.578563995837669 0.3837072018890201
0 0.5749219562955254 0.31995277449822906 0.5660770031217481 0.32113341204250295 0.5577523413111343 0.3305785123966942 0.5556711758584808 0.34710743801652894 0.5671175858480749 0.36717827626918537 0.5858480749219563 0.3707201889020071 0.5983350676378772 0.36363636363636365 0.603537981269511 0.3482880755608028 0.6004162330905307 0.33412042502951594 0.5889698231009365 0.32231404958677684 0.5816857440166493 0.31995277449822906
0 0.6087408949011447 0.3541912632821724 0.6024973985431842 0.36363636363636365 0.6024973985431842 0.371900826446281 0.6118626430801248 0.38016528925619836 0.6170655567117586 0.3789846517119244 0.6253902185223725 0.36717827626918537 0.6222684703433923 0.35537190082644626 0.6149843912591051 0.3541912632821724
0 0.5327783558792925 0.30932703659976385 0.5265348595213319 0.31995277449822906 0.5265348595213319 0.3270365997638725 0.5327783558792925 0.3364817001180638 0.5473465140478668 0.33884297520661155 0.554630593132154 0.3270365997638725 0.554630593132154 0.3187721369539551 0.5421436004162331 0.30932703659976385
0 0.5317377731529657 0.3435655253837072 0.5254942767950052 0.35182998819362454 0.5254942767950052 0.3659976387249115 0.5338189386056191 0.3742621015348288 0.5431841831425598 0.3742621015348288 0.5494276795005203 0.3695395513577332 0.5515088449531738 0.3612750885478158 0.5473465140478668 0.34946871310507677 0.5379812695109261 0.3435655253837072
0 0.514047866805411 0.3270365997638725 0.5067637877211238 0.3317591499409681 0.5067637877211238 0.34238488783943327 0.5130072840790842 0.34946871310507677 0.518210197710718 0.3482880755608028 0.5234131113423517 0.3400236127508855 0.5234131113423517 0.33412042502951594 0.518210197710718 0.3270365997638725
0 0.5005202913631633 0.27508854781582054 0.49427679500520294 0.27744982290436837 0.4869927159209157 0.28807556080283353 0.4869927159209157 0.3069657615112161 0.5036420395421436 0.32113341204250295 0.518210197710718 0.32113341204250295 0.5265348595213319 0.30814639905548996 0.522372528616025 0.282172373081464 0.5150884495317378 0.2762691853600944 0.5026014568158168 0.27508854781582054
0 0.47658688865764826 0.3152302243211334 0.4703433922996878 0.3270365997638725 0.47346514047866806 0.3400236127508855 0.48074921956295524 0.345926800472255 0.49323621227887615 0.3482880755608028 0.4984391259105099 0.34238488783943327 0.5015608740894901 0.3293978748524203 0.4994797086368366 0.3246753246753247 0.48491155046826223 0.3152302243211334
0 0.4994797086368366 0.35182998819362454 0.4911550468262227 0.3600944510035419 0.4911550468262227 0.37662337662337664 0.4963579604578564 0.3872491145218418 0.5046826222684704 0.3907910271546635 0.518210197710718 0.38016528925619836 0.5171696149843913 0.36481700118063753 0.5078043704474505 0.35182998819362454
0 0.5332986472424558 0.3825265643447462 0.5265348595213319 0.3825265643447462 0.518210197710718 0.38961038961038963 0.5150884495317378 0.41086186540731995 0.5202913631633714 0.42266824085005905 0.5359001040582726 0.4309327036599764 0.5494276795005203 0.42739079102715466 0.5577523413111343 0.41440377804014167 0.5567117585848075 0.4002361275088548 0.5400624349635796 0.3825265643447462
0 0.48959417273673256 0.3955135773317591 0.47658688865764826 0.39787485242030696 0.4724245577523413 0.40613931523022434 0.47346514047866806 0.42266824085005905 0.4797086368366285 0.4332939787485242 0.48595213319458896 0.43683589138134593 0.5005202913631633 0.43565525383707204 0.5088449531737773 0.4203069657615112 0.5036420395421436 0.4014167650531287 0.4953173777315297 0.3955135773317591
0 0.44016649323621226 0.3872491145218418 0.4266389177939646 0.3907910271546635 0.4214360041623309 0.39669421487603307 0.42039542143600417 0.4049586776859504 0.42767950052029136 0.42266824085005905 0.43496357960457854 0.4309327036599764 0.449531737773153 0.4344746162927981 0.4588969823100936 0.42266824085005905 0.4599375650364204 0.40731995277449823 0.45369406867845996 0.39315230224321135 0.4464099895941727 0.3872491145218418
0 0.3975026014568158 0.42384887839433294 0.39021852237252863 0.42739079102715466 0.38189386056191466 0.4380165289256198 0.37877211238293446 0.4474616292798111 0.3808532778355879 0.46635182998819363 0.3964620187304891 0.4852420306965762 0.4172736732570239 0.4852420306965762 0.43184183142559834 0.4757969303423849 0.43184183142559834 0.4557260920897285 0.4183142559833507 0.4344746162927981 0.4016649323621228 0.42384887839433294
0 0.3600416233090531 0.47461629279811096 0.3485952133194589 0.4769775678866588 0.3413111342351717 0.48288075560802834 0.33610822060353795 0.4970484061393152 0.33714880332986474 0.51357733175915 0.34755463059313213 0.5324675324675324 0.36420395421436 0.5407319952774499 0.37877211238293446 0.5407319952774499 0.39334027055150883 0.5324675324675324 0.3975026014568158 0.5076741440377804 0.39334027055150883 0.4911452184179457 0.37877211238293446 0.4769775678866588 0.368366285119667 0.47461629279811096
0 0.34027055150884494 0.538370720188902 0.31633714880332986 0.5442739079102715 0.30801248699271594 0.5560802833530106 0.3100936524453694 0.5855962219598583 0.32362122788761705 0.5974025974025974 0.34963579604578565 0.5985832349468713 0.3600416233090531 0.58913813459268 0.3600416233090531 0.5501770956316411 0.3517169614984391 0.5419126328217237 0.3413111342351717 0.538370720188902
0 0.28303850156087407 0.5867768595041323 0.2757544224765869 0.602125147579693 0.27991675338189387 0.628099173553719 0.2934443288241415 0.6399055489964581 0.3100936524453694 0.641086186540732 0.31633714880332986 0.6340023612750886 0.31217481789802287 0.602125147579693 0.3028095733610822 0.5903187721369539 0.2892819979188345 0.5867768595041323
0 0.2627471383975026 0.6257378984651711 0.2570239334027055 0.6257378984651711 0.24869927159209157 0.6328217237308147 0.24661810613943808 0.6469893742621016 0.25806451612903225 0.6635182998819362 0.27055150884495316 0.667060212514758 0.28303850156087407 0.6587957497048406 0.28720083246618106 0.6469893742621016 0.2861602497398543 0.6422668240850059 0.2684703433922997 0.6257378984651711
0 0.22892819979188345 0.5926800472255017 0.21644120707596254 0.5938606847697757 0.21227887617065558 0.6033057851239669 0.2154006243496358 0.6245572609208973 0.22684703433922998 0.6340023612750886 0.2393340270551509 0.6328217237308147 0.24661810613943808 0.628099173553719 0.24661810613943808 0.6044864226682408 0.2351716961498439 0.5926800472255017
0 0.25078043704474506 0.5537190082644629 0.2393340270551509 0.5608028335301063 0.2372528616024974 0.5844155844155844 0.2518210197710718 0.5985832349468713 0.26742976066597296 0.5985832349468713 0.2767950052029136 0.5879574970484062 0.27471383975026015 0.5667060212514758 0.26742976066597296 0.5584415584415584 0.25286160249739853 0.5537190082644629
0 0.27887617065556713 0.5029515938606848 0.2611862643080125 0.5159386068476978 0.259105098855359 0.5324675324675324 0.2643080124869927 0.5478158205430933 0.27887617065556713 0.5596221959858324 0.2861602497398543 0.5596221959858324 0.2934443288241415 0.5572609208972845 0.30385015608740895 0.5466351829988194 0.30697190426638915 0.5312868949232585 0.29864724245577523 0.5100354191263282 0.28199791883454733 0.5029515938606848
0 0.3059313215400624 0.46162927981109797 0.29136316337148804 0.4651711924439197 0.28199791883454733 0.47461629279811096 0.28407908428720086 0.4946871310507674 0.30385015608740895 0.5076741440377804 0.3225806451612903 0.49940968122786306 0.3267429760665973 0.4887839433293979 0.32466181061394384 0.4734356552538371 0.31113423517169614 0.46162927981109797
0 0.3340270551508845 0.3955135773317591 0.3225806451612903 0.4002361275088548 0.31113423517169614 0.41204250295159384 0.30697190426638915 0.4203069657615112 0.30697190426638915 0.43565525383707204 0.3100936524453694 0.4474616292798111 0.3194588969823101 0.4592680047225502 0.3340270551508845 0.4675324675324675 0.3485952133194589 0.4675324675324675 0.36420395421436 0.45808736717827625 0.37356919875130074 0.4380165289256198 0.3673257023933403 0.4085005903187721 0.3548387096774194 0.3990554899645809 0.3433922996878252 0.3955135773317591
0 0.39021852237252863 0.3730814639905549 0.3808532778355879 0.38016528925619836 0.372528616024974 0.3955135773317591 0.3756503642039542 0.4085005903187721 0.3891779396462019 0.4155844155844156 0.40270551508844954 0.4085005903187721 0.4068678459937565 0.3919716646989374 0.40582726326742974 0.3789846517119244 0.39542143600416235 0.3730814639905549
0 0.42455775234131116 0.3305785123966942 0.41519250780437045 0.33293978748524206 0.4037460978147763 0.3530106257378985 0.40582726326742974 0.36717827626918537 0.4141519250780437 0.3778040141676505 0.4214360041623309 0.38016528925619836 0.43496357960457854 0.3778040141676505 0.4432882414151925 0.3624557260920897 0.44432882414151925 0.35182998819362454 0.43912591050988553 0.33766233766233766 0.4297606659729448 0.3305785123966942
0 0.4703433922996878 0.34946871310507677 0.4588969823100936 0.35182998819362454 0.45161290322580644 0.3612750885478158 0.45265348595213317 0.38016528925619836 0.4630593132154006 0.38961038961038963 0.4745057232049948 0.38961038961038963 0.481789802289282 0.38134592680047225 0.48283038501560877 0.36363636363636365 0.47658688865764826 0.34946871310507677
0 0.449531737773153 0.31641086186540734 0.4422476586888658 0.32231404958677684 0.441207075962539 0.3305785123966942 0.45265348595213317 0.3447461629279811 0.4620187304890739 0.34238488783943327 0.46514047866805414 0.33766233766233766 0.4630593132154006 0.32231404958677684 0.45369406867845996 0.31641086186540734
0 0.4630593132154006 0.2833530106257379 0.45161290322580644 0.29043683589138136 0.45161290322580644 0.30460448642266824 0.4599375650364204 0.31286894923258557 0.46930280957336107 0.3140495867768595 0.4786680541103018 0.3069657615112161 0.48074921956295524 0.29634002361275086 0.4745057232049948 0.28689492325855964 0.4672216441207076 0.2833530106257379
0 0.4172736732570239 0.2762691853600944 0.4068678459937565 0.28689492325855964 0.40790842872008326 0.3069657615112161 0.4172736732570239 0.3187721369539551 0.4308012486992716 0.31995277449822906 0.441207075962539 0.3140495867768595 0.44432882414151925 0.29988193624557263 0.4422476586888658 0.2892561983471074 0.4255983350676379 0.2762691853600944
0 0.3881373569198751 0.3022432113341204 0.3704474505723205 0.3069657615112161 0.3631633714880333 0.31759149940968123 0.36524453694068676 0.33530106257378983 0.3756503642039542 0.35182998819362454 0.39438085327783556 0.35064935064935066 0.404786680541103 0.33412042502951594 0.40582726326742974 0.3234946871310508 0.4016649323621228 0.3116883116883117 0.39021852237252863 0.3022432113341204
0 0.35691987513007284 0.35182998819362454 0.34443288241415193 0.35537190082644626 0.3381893860561915 0.371900826446281 0.34235171696149846 0.38488783943329397 0.3506763787721124 0.38961038961038963 0.3600416233090531 0.38961038961038963 0.37148803329864727 0.3778040141676505 0.3704474505723205 0.358913813459268 0.36212278876170656 0.35182998819362454
0 0.30662539021852236 0.34238488783943327 0.29552549427679503 0.34238488783943327 0.2851196670135276 0.3577331759149941 0.2861602497398543 0.38016528925619836 0.29656607700312176 0.39315230224321135 0.3028095733610822 0.3955135773317591 0.32049947970863685 0.39433293978748524 0.3298647242455775 0.38134592680047225 0.3298647242455775 0.3695395513577332 0.32362122788761705 0.35182998819362454 0.31217481789802287 0.34238488783943327
0 0.2778355879292404 0.3955135773317591 0.2601456815816857 0.4002361275088548 0.25806451612903225 0.40731995277449823 0.2663891779396462 0.42502951593860683 0.28303850156087407 0.43211334120425027 0.2903225806451613 0.42502951593860683 0.2934443288241415 0.41204250295159384 0.2903225806451613 0.4049586776859504 0.27887617065556713 0.3955135773317591
0 0.2445369406867846 0.42384887839433294 0.22580645161290322 0.43211334120425027 0.21748178980228927 0.4427390791027155 0.21644120707596254 0.4557260920897285 0.23100936524453694 0.4805194805194805 0.24765868886576484 0.48642266824085006 0.26742976066597296 0.4793388429752066 0.2767950052029136 0.4592680047225502 0.2736732570239334 0.44037780401416765 0.2601456815816857 0.42621015348288077 0.2497398543184183 0.42384887839433294
0 0.2315296566077003 0.4899645808736718 0.22372528616024975 0.4911452184179457 0.21748178980228927 0.49940968122786306 0.2206035379812695 0.5159386068476978 0.23413111342351717 0.5242030696576151 0.25390218522372526 0.5206611570247934 0.25286160249739853 0.49940968122786306 0.2372528616024974 0.4899645808736718
0 0.21592091571279917 0.5242030696576151 0.20187304890738814 0.526564344746163 0.19458896982310095 0.5360094451003542 0.19458896982310095 0.5548996458087367 0.20915712799167535 0.5690672963400236 0.22580645161290322 0.5655253837072018 0.23413111342351717 0.5560802833530106 0.23309053069719043 0.5360094451003542 0.222684703433923 0.5242030696576151
0 0.17950052029136315 0.564344746162928 0.16857440166493237 0.5678866587957497 0.1675338189386056 0.5867768595041323 0.18314255983350677 0.5997638724911453 0.19458896982310095 0.602125147579693 0.20395421436004163 0.5938606847697757 0.2060353798126951 0.5844155844155844 0.19979188345473464 0.5737898465171193 0.186264308012487 0.564344746162928
0 0.16545265348595214 0.6033057851239669 0.15400624349635797 0.6068476977567887 0.15088449531737774 0.6198347107438017 0.16337148803329865 0.6363636363636364 0.17481789802289283 0.6387249114521841 0.18522372528616024 0.6340023612750886 0.186264308012487 0.6174734356552538 0.18106139438085328 0.6080283353010626 0.17065556711758584 0.6033057851239669
0 0.19979188345473464 0.6245572609208973 0.19042663891779396 0.6340023612750886 0.18938605619146723 0.6434474616292798 0.1987513007284079 0.6576151121605667 0.21436004162330904 0.6611570247933884 0.222684703433923 0.6552538370720189 0.222684703433923 0.641086186540732 0.21956295525494277 0.6340023612750886 0.2060353798126951 0.6245572609208973
0 0.23621227887617066 0.6576151121605667 0.2278876170655567 0.6635182998819362 0.22892819979188345 0.6753246753246753 0.2393340270551509 0.6847697756788665 0.2497398543184183 0.6859504132231405 0.2518210197710718 0.667060212514758 0.24557752341311134 0.6576151121605667
0 0.33714880332986474 0.6139315230224321 0.3267429760665973 0.6198347107438017 0.3267429760665973 0.6351829988193625 0.3517169614984391 0.6340023612750886 0.35275754422476585 0.6186540731995277 0.3465140478668054 0.6139315230224321
0 0.16545265348595214 0.51357733175915 0.1571279916753382 0.5159386068476978 0.15192507804370448 0.5218417945690673 0.14984391259105098 0.5324675324675324 0.16024973985431842 0.5525383707201889 0.16441207075962538 0.5572609208972845 0.1716961498439126 0.5572609208972845 0.18834547346514047 0.5501770956316411 0.18938605619146723 0.5360094451003542 0.186264308012487 0.525383707201889 0.1696149843912591 0.51357733175915
0 0.1859177939646202 0.4769775678866588 0.17481789802289283 0.4769775678866588 0.16337148803329865 0.48760330578512395 0.16024973985431842 0.4935064935064935 0.16024973985431842 0.5064935064935064 0.18834547346514047 0.525383707201889 0.2008324661810614 0.5182998819362455 0.2081165452653486 0.5017709563164109 0.1987513007284079 0.4805194805194805 0.1914672216441207 0.4769775678866588
0 0.1113423517169615 0.4769775678866588 0.10093652445369407 0.4887839433293979 0.1040582726326743 0.5182998819362455 0.11550468262226847 0.5301062573789846 0.1259105098855359 0.5324675324675324 0.14360041623309053 0.526564344746163 0.15088449531737774 0.5159386068476978 0.14776274713839752 0.4899645808736718 0.1259105098855359 0.4769775678866588 0.11342351716961499 0.4769775678866588
0 0.13735691987513007 0.538370720188902 0.12903225806451613 0.5430932703659976 0.12278876170655567 0.5584415584415584 0.1259105098855359 0.5737898465171193 0.13423517169614985 0.5785123966942148 0.15088449531737774 0.5749704840613932 0.1571279916753382 0.564344746162928 0.1550468262226847 0.5489964580873672 0.14360041623309053 0.538370720188902
0 0.1186264308012487 0.5820543093270366 0.1113423517169615 0.5914994096812278 0.11238293444328824 0.6056670602125147 0.12695109261186263 0.6162927981109799 0.1404786680541103 0.6139315230224321 0.14464099895941726 0.6033057851239669 0.14360041623309053 0.5903187721369539 0.13735691987513007 0.5844155844155844 0.12174817898022892 0.5820543093270366
0 0.08220603537981269 0.5678866587957497 0.07596253902185224 0.5726092089728453 0.07388137356919876 0.5844155844155844 0.07804370447450572 0.5926800472255017 0.09053069719042664 0.5985832349468713 0.09885535900104059 0.5926800472255017 0.10197710718002082 0.5832349468713105 0.09989594172736732 0.5749704840613932 0.08949011446409989 0.5678866587957497
0 0.09573361082206035 0.5242030696576151 0.08324661810613944 0.5324675324675324 0.08116545265348596 0.5430932703659976 0.08636836628511967 0.5584415584415584 0.09469302809573361 0.564344746162928 0.10093652445369407 0.5631641086186541 0.10926118626430802 0.5501770956316411 0.10926118626430802 0.5348288075560803 0.09885535900104059 0.5242030696576151
0 0.054110301768990635 0.5053128689492326 0.043704474505723206 0.5088547815820543 0.036420395421436005 0.5159386068476978 0.03537981269510926 0.5336481700118064 0.04890738813735692 0.5501770956316411 0.06347554630593132 0.5525383707201889 0.07388137356919876 0.5430932703659976 0.07700312174817898 0.525383707201889 0.07388137356919876 0.5159386068476978 0.05827263267429761 0.5053128689492326
0 0.044745057232049947 0.5584415584415584 0.03329864724245578 0.5667060212514758 0.030176899063475548 0.5749704840613932 0.03537981269510926 0.58913813459268 0.046826222684703434 0.5962219598583235 0.06347554630593132 0.5903187721369539 0.06763787721123829 0.5796930342384888 0.06347554630593132 0.5667060212514758 0.05098855359001041 0.5584415584415584
0 0 0.5537190082644629 0 0.58913813459268 0.007284079084287201 0.58913813459268 0.021852237252861603 0.5785123966942148 0.022892819979188347 0.5690672963400236 0.01768990634755463 0.5584415584415584 0.002081165452653486 0.5537190082644629
0 0 0.4887839433293979 0 0.5442739079102715 0.014568158168574402 0.5442739079102715 0.026014568158168574 0.5336481700118064 0.029136316337148804 0.5112160566706021 0.02081165452653486 0.4935064935064935 0.005202913631633715 0.4887839433293979
0 0.003121748178980229 0.4344746162927981 0 0.43565525383707204 0 0.4817001180637544 0.01664932362122789 0.48642266824085006 0.029136316337148804 0.48406139315230223 0.04058272632674298 0.4734356552538371 0.03850156087408949 0.45218417945690675 0.031217481789802288 0.44037780401416765 0.01040582726326743 0.4344746162927981
0 0.019771071800208116 0.3825265643447462 0.011446409989594173 0.3837072018890201 0 0.39433293978748524 0 0.4167650531286895 0.012486992715920915 0.4309327036599764 0.03225806451612903 0.4344746162927981 0.046826222684703434 0.42266824085005905 0.04994797086368366 0.40731995277449823 0.044745057232049947 0.39315230224321135 0.03433922996878252 0.38488783943329397 0.02497398543184183 0.3825265643447462
0 0.06971904266389178 0.4049586776859504 0.05827263267429761 0.41204250295159384 0.055150884495317375 0.42857142857142855 0.062434963579604576 0.448642266824085 0.07075962539021852 0.45690672963400236 0.08116545265348596 0.4592680047225502 0.10093652445369407 0.44391971664698937 0.10197710718002082 0.42502951593860683 0.09157127991675339 0.4085005903187721 0.07700312174817898 0.4049586776859504
0 0.06555671175858481 0.4604486422668241 0.054110301768990635 0.4651711924439197 0.047866805411030174 0.4769775678866588 0.055150884495317375 0.4911452184179457 0.07700312174817898 0.500590318772137 0.08220603537981269 0.4899645808736718 0.08220603537981269 0.4769775678866588 0.07700312174817898 0.4675324675324675 0.06659729448491156 0.4604486422668241
0 0.12486992715920915 0.4132231404958678 0.1113423517169615 0.42384887839433294 0.10926118626430802 0.4474616292798111 0.1186264308012487 0.4628099173553719 0.14151925078043703 0.4675324675324675 0.15400624349635797 0.4557260920897285 0.15816857440166493 0.43211334120425027 0.14880332986472425 0.41912632821723733 0.13423517169614985 0.4132231404958678
0 0.13423517169614985 0.3624557260920897 0.11758584807492195 0.3730814639905549 0.11654526534859522 0.39315230224321135 0.1259105098855359 0.4049586776859504 0.14776274713839752 0.40731995277449823 0.1571279916753382 0.3919716646989374 0.1571279916753382 0.3754427390791027 0.14880332986472425 0.3659976387249115 0.13943808532778357 0.3624557260920897
0 0.08740894901144641 0.36481700118063753 0.07492195629552549 0.3695395513577332 0.06971904266389178 0.37662337662337664 0.06971904266389178 0.3825265643447462 0.07700312174817898 0.39787485242030696 0.09261186264308012 0.4037780401416765 0.10509885535900104 0.39315230224321135 0.10613943808532779 0.38488783943329397 0.10093652445369407 0.3730814639905549 0.09157127991675339 0.36481700118063753
0 0.03954214360041623 0.31286894923258557 0.027055150884495317 0.3152302243211334 0.013527575442247659 0.3282172373081464 0.007284079084287201 0.35182998819362454 0.021852237252861603 0.37662337662337664 0.04994797086368366 0.3837072018890201 0.06659729448491156 0.3695395513577332 0.06867845993756504 0.3412042502951594 0.062434963579604576 0.3246753246753247 0.045785639958376693 0.31286894923258557
0 0.0967741935483871 0.30932703659976385 0.08012486992715921 0.31641086186540734 0.07596253902185224 0.3317591499409681 0.07700312174817898 0.3400236127508855 0.08740894901144641 0.35537190082644626 0.10926118626430802 0.3612750885478158 0.12070759625390219 0.35064935064935066 0.12174817898022892 0.3305785123966942 0.11654526534859522 0.31759149940968123 0.10301768990634755 0.30932703659976385
0 0.15036420395421435 0.30578512396694213 0.14360041623309053 0.30578512396694213 0.13423517169614985 0.3140495867768595 0.13111342351716962 0.3364817001180638 0.14360041623309053 0.35064935064935066 0.1529656607700312 0.3541912632821724 0.16649323621227888 0.34946871310507677 0.17273673257023933 0.3364817001180638 0.16857440166493237 0.31641086186540734 0.1571279916753382 0.30578512396694213
0 0.21644120707596254 0.2632821723730815 0.19771071800208118 0.269185360094451 0.18834547346514047 0.282172373081464 0.18730489073881373 0.2939787485242031 0.20187304890738814 0.3234946871310508 0.22892819979188345 0.3305785123966942 0.24037460978147762 0.3234946871310508 0.24557752341311134 0.30460448642266824 0.23829344432882413 0.2762691853600944 0.22372528616024975 0.2632821723730815
0 0.19562955254942768 0.3317591499409681 0.18522372528616024 0.3400236127508855 0.18522372528616024 0.3624557260920897 0.1914672216441207 0.3742621015348288 0.20915712799167535 0.3778040141676505 0.21644120707596254 0.371900826446281 0.21852237252861603 0.34710743801652894 0.2133194588969823 0.3364817001180638 0.20187304890738814 0.3317591499409681
0 0.17793964620187305 0.3754427390791027 0.1675338189386056 0.38488783943329397 0.16649323621227888 0.39787485242030696 0.1696149843912591 0.40731995277449823 0.18106139438085328 0.4167650531286895 0.19562955254942768 0.41440377804014167 0.20291363163371487 0.4049586776859504 0.20395421436004163 0.3907910271546635 0.19562955254942768 0.38016528925619836 0.18002081165452655 0.3754427390791027
0 0.18834547346514047 0.42266824085005905 0.1716961498439126 0.42621015348288077 0.16441207075962538 0.43683589138134593 0.16441207075962538 0.45218417945690675 0.17481789802289283 0.46871310507674147 0.19562955254942768 0.46871310507674147 0.20915712799167535 0.45454545454545453 0.2081165452653486 0.43919716646989376 0.19562955254942768 0.42266824085005905
0 0.22372528616024975 0.3825265643447462 0.21227887617065558 0.3872491145218418 0.21019771071800208 0.4037780401416765 0.22684703433922998 0.41912632821723733 0.23621227887617066 0.4179456906729634 0.24661810613943808 0.40731995277449823 0.24765868886576484 0.39669421487603307 0.24245577523413112 0.3860684769775679 0.2247658688865765 0.3837072018890201
0 0.24557752341311134 0.3364817001180638 0.2351716961498439 0.3435655253837072 0.23204994797086367 0.3530106257378985 0.23309053069719043 0.36363636363636365 0.2445369406867846 0.3778040141676505 0.26534859521331944 0.3730814639905549 0.2684703433922997 0.36717827626918537 0.26742976066597296 0.3447461629279811 0.25286160249739853 0.3364817001180638
0 0.2970863683662851 0.3022432113341204 0.28720083246618106 0.30342384887839435 0.2809573361082206 0.3105076741440378 0.28303850156087407 0.3270365997638725 0.2934443288241415 0.33412042502951594 0.29968782518210196 0.33293978748524206 0.3090530697190427 0.32231404958677684 0.3100936524453694 0.30932703659976385 0.3028095733610822 0.3022432113341204
0 0.259105098855359 0.30814639905548996 0.25078043704474506 0.3140495867768595 0.25078043704474506 0.32231404958677684 0.25390218522372526 0.3282172373081464 0.2684703433922997 0.33412042502951594 0.27471383975026015 0.32113341204250295 0.2726326742976067 0.3152302243211334 0.26326742976066597 0.30814639905548996
0 0.33350676378772115 0.30460448642266824 0.32362122788761705 0.3069657615112161 0.3173777315296566 0.32113341204250295 0.3225806451612903 0.33884297520661155 0.33714880332986474 0.3482880755608028 0.3506763787721124 0.33884297520661155 0.3548387096774194 0.3270365997638725 0.35275754422476585 0.31286894923258557 0.3392299687825182 0.30460448642266824
0 0.31321540062434966 0.25737898465171194 0.3048907388137357 0.26092089728453366 0.2976066597294485 0.2727272727272727 0.29864724245577523 0.2892561983471074 0.31321540062434966 0.29988193624557263 0.32570239334027057 0.2975206611570248 0.3350676378772112 0.282172373081464 0.33298647242455776 0.269185360094451 0.3215400624349636 0.25737898465171194
0 0.3506763787721124 0.2762691853600944 0.34443288241415193 0.282172373081464 0.3413111342351717 0.29279811097992914 0.3548387096774194 0.30578512396694213 0.3631633714880333 0.30342384887839435 0.368366285119667 0.29634002361275086 0.36628511966701355 0.2857142857142857 0.3548387096774194 0.2762691853600944
0 0.26534859521331944 0.26092089728453366 0.25806451612903225 0.2680047225501771 0.2559833506763788 0.2857142857142857 0.26222684703433924 0.2975206611570248 0.2726326742976067 0.2987012987012987 0.2861602497398543 0.29043683589138136 0.2882414151925078 0.2762691853600944 0.2809573361082206 0.2644628099173554 0.2715920915712799 0.26092089728453366
0 0.37460978147762747 0.256198347107438 0.3673257023933403 0.2644628099173554 0.3704474505723205 0.2833530106257379 0.37877211238293446 0.29279811097992914 0.3922996878251821 0.2939787485242031 0.3975026014568158 0.29043683589138136 0.4006243496357961 0.2762691853600944 0.3922996878251821 0.26092089728453366 0.3839750260145682 0.256198347107438
0 0.16024973985431842 0.24911452184179456 0.15088449531737774 0.2514757969303424 0.14151925078043703 0.26210153482880755 0.14360041623309053 0.282172373081464 0.15088449531737774 0.29279811097992914 0.15920915712799166 0.29634002361275086 0.1675338189386056 0.29515938606847697 0.1768990634755463 0.282172373081464 0.1768990634755463 0.2597402597402597 0.16545265348595214 0.24911452184179456
0 0.11030176899063475 0.27508854781582054 0.10197710718002082 0.2762691853600944 0.0967741935483871 0.28689492325855964 0.10509885535900104 0.3022432113341204 0.11550468262226847 0.30814639905548996 0.12903225806451613 0.30342384887839435 0.1331945889698231 0.29161747343565525 0.13111342351716962 0.282172373081464 0.1186264308012487 0.27508854781582054
0 0.05619146722164412 0.27036599763872493 0.043704474505723206 0.2762691853600944 0.04266389177939646 0.2975206611570248 0.05619146722164412 0.3116883116883117 0.06971904266389178 0.3116883116883117 0.07804370447450572 0.3069657615112161 0.08220603537981269 0.29043683589138136 0.07596253902185224 0.27744982290436837 0.06451612903225806 0.27036599763872493
0 0 0.2550177095631641 0 0.2975206611570248 0.005202913631633715 0.2975206611570248 0.014568158168574402 0.2892561983471074 0.01664932362122789 0.2798110979929162 0.012486992715920915 0.2644628099173554 0.004162330905306972 0.2550177095631641
0 0.03225806451612903 0.23022432113341204 0.021852237252861603 0.23258559622195984 0.01768990634755463 0.23730814639905548 0.01768990634755463 0.2526564344746163 0.021852237252861603 0.26092089728453366 0.03850156087408949 0.2632821723730815 0.044745057232049947 0.2550177095631641 0.046826222684703434 0.24321133412042503 0.043704474505723206 0.23494687131050768 0.036420395421436005 0.23022432113341204
0 0.0785639958376691 0.20425029515938606 0.061394380853277836 0.2089728453364817 0.053069719042663895 0.22195985832349469 0.053069719042663895 0.23730814639905548 0.05723204994797086 0.24675324675324675 0.06971904266389178 0.256198347107438 0.08012486992715921 0.2550177095631641 0.09365244536940687 0.23730814639905548 0.09573361082206035 0.22077922077922077 0.08428720083246619 0.20425029515938606
0 0.02809573361082206 0.1782762691853601 0.01768990634755463 0.18536009445100354 0.014568158168574402 0.20543093270365997 0.022892819979188347 0.21959858323494688 0.04058272632674298 0.2231404958677686 0.05202913631633715 0.2101534828807556 0.053069719042663895 0.1912632821723731 0.043704474505723206 0.179456906729634 0.03433922996878252 0.1782762691853601
0 0 0.20306965761511217 0 0.24557260920897284 0.007284079084287201 0.2408500590318772 0.011446409989594173 0.23140495867768596 0.011446409989594173 0.21605667060212513 0.003121748178980229 0.20306965761511217
0 0 0.14049586776859505 0 0.1936245572609209 0.012486992715920915 0.18299881936245574 0.01768990634755463 0.17119244391971664 0.013527575442247659 0.1511216056670602 0.003121748178980229 0.14049586776859505
0 0.031217481789802288 0.14167650531286896 0.023933402705515087 0.14757969303423848 0.023933402705515087 0.1641086186540732 0.027055150884495317 0.16883116883116883 0.03850156087408949 0.17237308146399055 0.044745057232049947 0.17001180637544275 0.05098855359001041 0.15820543093270367 0.046826222684703434 0.14521841794569068 0.04058272632674298 0.14167650531286896
0 0.07284079084287201 0.14994096812278632 0.06555671175858481 0.15348288075560804 0.05827263267429761 0.1641086186540732 0.062434963579604576 0.18536009445100354 0.07075962539021852 0.19244391971664698 0.08740894901144641 0.18890200708382526 0.09469302809573361 0.17591499409681227 0.09053069719042664 0.15820543093270367 0.07700312174817898 0.14994096812278632
0 0.11030176899063475 0.1782762691853601 0.09781477627471384 0.18536009445100354 0.09573361082206035 0.19834710743801653 0.10301768990634755 0.21487603305785125 0.11030176899063475 0.22077922077922077 0.11758584807492195 0.22077922077922077 0.12903225806451613 0.21133412042502953 0.13111342351716962 0.19716646989374262 0.13007284079084286 0.18772136953955135 0.11654526534859522 0.1782762691853601
0 0.12278876170655567 0.22904368358913813 0.11030176899063475 0.23140495867768596 0.1040582726326743 0.24203069657615112 0.1040582726326743 0.2585596221959858 0.1113423517169615 0.2680047225501771 0.12486992715920915 0.2680047225501771 0.1383975026014568 0.2550177095631641 0.1383975026014568 0.24203069657615112 0.12903225806451613 0.22904368358913813
0 0.15400624349635797 0.19834710743801653 0.13943808532778357 0.20543093270365997 0.13631633714880334 0.2255017709563164 0.14464099895941726 0.23730814639905548 0.15816857440166493 0.2408500590318772 0.16857440166493237 0.23258559622195984 0.1716961498439126 0.21605667060212513 0.16337148803329865 0.20070838252656434 0.1550468262226847 0.19834710743801653
0 0.19458896982310095 0.21605667060212513 0.18522372528616024 0.21723730814639905 0.17585848074921956 0.23376623376623376 0.17898022892819979 0.2502951593860685 0.19042663891779396 0.2585596221959858 0.20291363163371487 0.256198347107438 0.21123829344432882 0.2408500590318772 0.21019771071800208 0.22904368358913813 0.19979188345473464 0.21605667060212513
0 0.24297606659729448 0.20306965761511217 0.22684703433922998 0.2077922077922078 0.21748178980228927 0.22668240850059032 0.21956295525494277 0.24439197166469895 0.22580645161290322 0.2550177095631641 0.23413111342351717 0.2597402597402597 0.25078043704474506 0.2585596221959858 0.26326742976066597 0.2502951593860685 0.26742976066597296 0.23494687131050768 0.2663891779396462 0.21959858323494688 0.2497398543184183 0.20306965761511217
0 0.2809573361082206 0.2361275088547816 0.2757544224765869 0.24439197166469895 0.2767950052029136 0.2538370720188902 0.28303850156087407 0.2597402597402597 0.2924037460978148 0.2597402597402597 0.29656607700312176 0.2550177095631641 0.29656607700312176 0.24321133412042503 0.2892819979188345 0.2361275088547816
0 0.31217481789802287 0.21723730814639905 0.3007284079084287 0.22786304604486424 0.3017689906347555 0.24321133412042503 0.3100936524453694 0.2502951593860685 0.32362122788761705 0.24911452184179456 0.331945889698231 0.23730814639905548 0.32882414151925077 0.2243211334120425 0.3173777315296566 0.21723730814639905
0 0.34755463059313213 0.2384887839433294 0.3381893860561915 0.2408500590318772 0.33714880332986474 0.2538370720188902 0.3485952133194589 0.2680047225501771 0.3558792924037461 0.26564344746162927 0.36212278876170656 0.2550177095631641 0.3590010405827263 0.24439197166469895 0.3517169614984391 0.2384887839433294
0 0.3673257023933403 0.22195985832349469 0.36212278876170656 0.22904368358913813 0.3631633714880333 0.2408500590318772 0.37148803329864727 0.24911452184179456 0.3850156087408949 0.24793388429752067 0.3881373569198751 0.24203069657615112 0.3870967741935484 0.23022432113341204 0.37460978147762747 0.22195985832349469
0 0.40270551508844954 0.23730814639905548 0.39334027055150883 0.2408500590318772 0.3922996878251821 0.2526564344746163 0.404786680541103 0.2668240850059032 0.4162330905306972 0.2680047225501771 0.42247658688865763 0.26092089728453366 0.42247658688865763 0.24557260920897284 0.4120707596253902 0.23730814639905548
0 0.441207075962539 0.2396694214876033 0.42767950052029136 0.2502951593860685 0.42767950052029136 0.2668240850059032 0.441207075962539 0.2809917355371901 0.4547346514047867 0.2833530106257379 0.4620187304890739 0.27744982290436837 0.46618106139438087 0.2585596221959858 0.4599375650364204 0.24557260920897284 0.44849115504682624 0.2396694214876033
0 0.43496357960457854 0.2101534828807556 0.42247658688865763 0.21251475796930341 0.4172736732570239 0.21959858323494688 0.41519250780437045 0.23022432113341204 0.42247658688865763 0.2396694214876033 0.43184183142559834 0.2396694214876033 0.441207075962539 0.23258559622195984 0.441207075962539 0.21723730814639905 0.43704474505723206 0.21251475796930341
0 0.3975026014568158 0.20425029515938606 0.3891779396462019 0.21251475796930341 0.3870967741935484 0.2231404958677686 0.39438085327783556 0.23258559622195984 0.4068678459937565 0.23140495867768596 0.4120707596253902 0.2255017709563164 0.413111342351717 0.21133412042502953 0.40790842872008326 0.20543093270365997 0.39854318418314255 0.20543093270365997
0 0.36940686784599375 0.17591499409681227 0.36212278876170656 0.179456906729634 0.3558792924037461 0.19834710743801653 0.3631633714880333 0.21369539551357733 0.37877211238293446 0.21605667060212513 0.3839750260145682 0.21369539551357733 0.3881373569198751 0.20543093270365997 0.3891779396462019 0.1912632821723731 0.3829344432882414 0.1782762691853601 0.372528616024974 0.17591499409681227
0 0.34495317377731527 0.20543093270365997 0.33610822060353795 0.2077922077922078 0.3350676378772112 0.21723730814639905 0.3381893860561915 0.22904368358913813 0.3465140478668054 0.23140495867768596 0.3537981269510926 0.23022432113341204 0.35796045785639957 0.2231404958677686 0.35691987513007284 0.21133412042502953 0.3517169614984391 0.20543093270365997
0 0.3309053069719043 0.15820543093270367 0.32362122788761705 0.17001180637544275 0.3225806451612903 0.18181818181818182 0.331945889698231 0.1936245572609209 0.3465140478668054 0.1959858323494687 0.3558792924037461 0.18417945690672963 0.3537981269510926 0.16646989374262103 0.3340270551508845 0.15820543093270367
0 0.3090530697190427 0.18417945690672963 0.3017689906347555 0.18890200708382526 0.3007284079084287 0.20425029515938606 0.3059313215400624 0.2101534828807556 0.3215400624349636 0.2101534828807556 0.32778355879292403 0.20543093270365997 0.32882414151925077 0.19834710743801653 0.31633714880332986 0.18417945690672963
0 0.2976066597294485 0.14285714285714285 0.2903225806451613 0.1487603305785124 0.2903225806451613 0.16765053128689492 0.3007284079084287 0.1782762691853601 0.3100936524453694 0.179456906729634 0.3173777315296566 0.17473435655253838 0.32049947970863685 0.15702479338842976 0.30385015608740895 0.14285714285714285
0 0.259105098855359 0.1334120425029516 0.25494276795005205 0.1381345926800472 0.25078043704474506 0.15938606847697756 0.25806451612903225 0.17119244391971664 0.2726326742976067 0.17473435655253838 0.28303850156087407 0.1652892561983471 0.28303850156087407 0.14167650531286896 0.26222684703433924 0.1334120425029516
0 0.2372528616024974 0.12278630460448642 0.222684703433923 0.12868949232585597 0.21748178980228927 0.1381345926800472 0.21748178980228927 0.1487603305785124 0.2247658688865765 0.15938606847697756 0.2372528616024974 0.15938606847697756 0.24557752341311134 0.15466351829988192 0.2497398543184183 0.13695395513577333 0.2445369406867846 0.12750885478158205 0.2372528616024974 0.12396694214876033
0 0.19771071800208118 0.10743801652892562 0.18730489073881373 0.11452184179456906 0.18314255983350677 0.12514757969303425 0.1841831425598335 0.1322314049586777 0.19458896982310095 0.14639905548996457 0.20915712799167535 0.14403778040141677 0.21644120707596254 0.13105076741440377 0.2133194588969823 0.11688311688311688 0.20291363163371487 0.10743801652892562
0 0.15920915712799166 0.09563164108618655 0.1529656607700312 0.10271546635182999 0.15088449531737774 0.1192443919716647 0.15816857440166493 0.12987012987012986 0.16649323621227888 0.1322314049586777 0.17793964620187305 0.12514757969303425 0.17898022892819979 0.11097992916174734 0.17481789802289283 0.10271546635182999 0.16441207075962538 0.09563164108618655
0 0.08844953173777315 0.08028335301062574 0.06659729448491156 0.0885478158205431 0.06451612903225806 0.10861865407319952 0.07075962539021852 0.11688311688311688 0.08740894901144641 0.1192443919716647 0.0967741935483871 0.11570247933884298 0.10093652445369407 0.09917355371900827 0.09573361082206035 0.08618654073199528 0.08949011446409989 0.08146399055489964
0 0.04058272632674298 0.08028335301062574 0.026014568158168574 0.08500590318772137 0.021852237252861603 0.10153482880755609 0.03433922996878252 0.11570247933884298 0.046826222684703434 0.1180637544273908 0.05827263267429761 0.10861865407319952 0.060353798126951096 0.09681227863046045 0.05827263267429761 0.089728453364817 0.045785639958376693 0.08028335301062574
0 0.11030176899063475 0.14049586776859505 0.10093652445369407 0.14757969303423848 0.09885535900104059 0.15702479338842976 0.10197710718002082 0.16646989374262103 0.10718002081165452 0.17001180637544275 0.11966701352757544 0.16883116883116883 0.12486992715920915 0.16056670602125148 0.12382934443288242 0.14521841794569068 0.11758584807492195 0.14049586776859505
0 0.14516129032258066 0.15702479338842976 0.13527575442247658 0.15938606847697756 0.13111342351716962 0.1652892561983471 0.13423517169614985 0.18536009445100354 0.1425598335067638 0.1912632821723731 0.15400624349635797 0.19008264462809918 0.16233090530697192 0.18299881936245574 0.16337148803329865 0.17119244391971664 0.15816857440166493 0.1617473435655254 0.15088449531737774 0.15702479338842976
0 0.1841831425598335 0.17473435655253838 0.17377731529656607 0.17591499409681227 0.16857440166493237 0.18536009445100354 0.17065556711758584 0.19952774498229045 0.18106139438085328 0.2077922077922078 0.18938605619146723 0.2066115702479339 0.19562955254942768 0.1912632821723731 0.19250780437044746 0.18181818181818182 0.18522372528616024 0.17473435655253838
0 0.20915712799167535 0.18772136953955135 0.2008324661810614 0.19480519480519481 0.2008324661810614 0.2066115702479339 0.2081165452653486 0.21251475796930341 0.2154006243496358 0.2101534828807556 0.21956295525494277 0.20306965761511217 0.21748178980228927 0.19244391971664698 0.21019771071800208 0.18772136953955135
0 0.23829344432882413 0.1641086186540732 0.22684703433922998 0.16765053128689492 0.22164412070759626 0.17473435655253838 0.222684703433923 0.18536009445100354 0.23100936524453694 0.1936245572609209 0.24245577523413112 0.19244391971664698 0.24869927159209157 0.18654073199527746 0.25286160249739853 0.17355371900826447 0.2445369406867846 0.1641086186540732
0 0.25806451612903225 0.1806375442739079 0.25494276795005205 0.19480519480519481 0.25806451612903225 0.19952774498229045 0.2684703433922997 0.19952774498229045 0.2726326742976067 0.18654073199527746 0.2663891779396462 0.1806375442739079
0 0.28407908428720086 0.19834710743801653 0.27471383975026015 0.20425029515938606 0.2736732570239334 0.21487603305785125 0.27991675338189387 0.22668240850059032 0.2882414151925078 0.22786304604486424 0.29656607700312176 0.22195985832349469 0.29968782518210196 0.21251475796930341 0.29552549427679503 0.20306965761511217 0.2861602497398543 0.19834710743801653
0 0.1696149843912591 0.1357733175914994 0.16337148803329865 0.14167650531286896 0.16337148803329865 0.15466351829988192 0.17377731529656607 0.1652892561983471 0.18210197710718 0.1641086186540732 0.18834547346514047 0.15820543093270367 0.18730489073881373 0.14521841794569068 0.17793964620187305 0.1357733175914994
0 0.20187304890738814 0.1511216056670602 0.1935483870967742 0.15938606847697756 0.1935483870967742 0.16883116883116883 0.2008324661810614 0.1782762691853601 0.21019771071800208 0.1782762691853601 0.21748178980228927 0.17119244391971664 0.21748178980228927 0.15938606847697756 0.21123829344432882 0.1511216056670602
0 0.1404786680541103 0.12278630460448642 0.12903225806451613 0.12987012987012986 0.12903225806451613 0.14049586776859505 0.13735691987513007 0.1487603305785124 0.15088449531737774 0.14521841794569068 0.15608740894901144 0.13695395513577333 0.1550468262226847 0.1322314049586777 0.14360041623309053 0.12278630460448642
0 0.11550468262226847 0.10861865407319952 0.10509885535900104 0.10861865407319952 0.10093652445369407 0.11452184179456906 0.10093652445369407 0.12514757969303425 0.10718002081165452 0.1345926800472255 0.11654526534859522 0.1345926800472255 0.12382934443288242 0.12868949232585597 0.1259105098855359 0.12160566706021252 0.12070759625390219 0.10861865407319952
0 0.09053069719042664 0.12278630460448642 0.08324661810613944 0.12514757969303425 0.07804370447450572 0.1322314049586777 0.07908428720083246 0.14167650531286896 0.08740894901144641 0.14757969303423848 0.09573361082206035 0.14521841794569068 0.09885535900104059 0.1381345926800472 0.09885535900104059 0.12868949232585597 0.09261186264308012 0.12278630460448642
0 0.060353798126951096 0.11688311688311688 0.04890738813735692 0.12632821723730814 0.05098855359001041 0.1381345926800472 0.05619146722164412 0.14521841794569068 0.06451612903225806 0.14403778040141677 0.07075962539021852 0.1322314049586777 0.06867845993756504 0.12160566706021252 0.061394380853277836 0.11688311688311688
0 0.015608740894901144 0.10979929161747344 0.007284079084287201 0.11570247933884298 0.005202913631633715 0.12750885478158205 0.018730489073881373 0.13931523022432113 0.03329864724245578 0.12750885478158205 0.02809573361082206 0.11570247933884298 0.018730489073881373 0.10979929161747344
0 0.002081165452653486 0.07201889020070838 0 0.10861865407319952 0.003121748178980229 0.10979929161747344 0.012486992715920915 0.10625737898465171 0.018730489073881373 0.09799291617473435 0.01664932362122789 0.08382526564344746 0.005202913631633715 0.07201889020070838
0 0.4620187304890739 0.5525383707201889 0.45161290322580644 0.5608028335301063 0.45161290322580644 0.577331759149941 0.4599375650364204 0.58913813459268 0.47658688865764826 0.58913813459268 0.48283038501560877 0.5844155844155844 0.481789802289282 0.5631641086186541 0.47658688865764826 0.5548996458087367 0.46826222684703434 0.5525383707201889
0 0.262159209157128 0.6939988193624558 0.2550863683662851 0.6934108618654072 0.2531071800208116 0.6996977567886659 0.2628022892819979 0.7098028335301062 0.2673527575442248 0.7041889020070838
0 0.08656191467221645 0.603362455726092 0.07835067637877212 0.6031570247933885 0.07894484911550469 0.6107922077922078 0.08903537981269512 0.6128134592680047 0.09912591050988555 0.6094451003541913