0 0.0618102 0.17713 0.0600442 0.180717 0.0600442 0.196413 0.0640177 0.206278 0.0741722 0.209865 0.0799117 0.209865 0.0869757 0.207175 0.0918322 0.202242 0.0962472 0.192825 0.0971302 0.184753 0.0953642 0.177578 0.0883002 0.169507 0.0834437 0.167265 0.0719647 0.16861
0 0.104194 0.183408 0.104194 0.196413 0.109051 0.202691 0.115232 0.204484 0.121413 0.203587 0.126711 0.2 0.133775 0.191928 0.135982 0.186099 0.135099 0.178475 0.130684 0.173543 0.119647 0.171749 0.112141 0.173543
0 0.143046 0.168161 0.14128 0.171749 0.142163 0.182063 0.149227 0.192825 0.157616 0.196413 0.162031 0.195964 0.168212 0.193722 0.173068 0.189238 0.174834 0.18565 0.17351 0.172197 0.16777 0.163229 0.161589 0.160538 0.153642 0.16009 0.147461 0.163229
0 0.183223 0.16861 0.182781 0.172646 0.187638 0.190135 0.192053 0.193722 0.196909 0.192377 0.203532 0.186547 0.20574 0.181166 0.20574 0.164126 0.200442 0.16009 0.192053 0.159193 0.187196 0.161883
0 0.118764 0.143498 0.118764 0.158296 0.121854 0.16278 0.12936 0.168161 0.134216 0.16861 0.144371 0.158744 0.145254 0.147534 0.139956 0.139013 0.133775 0.135874 0.128035 0.135874 0.122737 0.138565
0 0.0626932 0.133632 0.0626932 0.147534 0.0671082 0.156502 0.0706402 0.158744 0.0768212 0.158744 0.0869757 0.153812 0.0900662 0.133184 0.0856512 0.125561 0.0794702 0.123767 0.0706402 0.124664
0 0.0375276 0.163229 0.0379691 0.175336 0.0467991 0.179372 0.0534216 0.178475 0.0569536 0.176233 0.0640177 0.164574 0.0609272 0.158296 0.0538631 0.152018 0.0437086 0.153812
0 0.0136865 0.2 0.012362 0.204036 0.0154525 0.213453 0.018543 0.21704 0.0278146 0.221973 0.0388521 0.22287 0.0437086 0.221525 0.0498896 0.21704 0.0538631 0.209865 0.0520971 0.198655 0.0485651 0.19417 0.0432671 0.191031 0.0286976 0.192825
0 0.0348786 0.13139 0.0339956 0.13722 0.0353201 0.139462 0.0445916 0.144395 0.0512141 0.144395 0.0543046 0.141704 0.0578366 0.134529 0.0560706 0.125561 0.0516556 0.121076 0.0415011 0.12287
0 0.0348786 0.0991031 0.0348786 0.107623 0.0401766 0.11435 0.0498896 0.114798 0.0565121 0.107175 0.0573951 0.102242 0.0560706 0.0982063 0.0507726 0.0928251 0.0410596 0.0932735 0.0362031 0.0959641
0 0.0560706 0.113901 0.0556291 0.119283 0.0600442 0.123318 0.0644592 0.123767 0.0675497 0.121973 0.0693157 0.115695 0.0671082 0.109865 0.0618102 0.10852
0 0.0706402 0.107175 0.0701987 0.113004 0.0732892 0.117937 0.0785872 0.118834 0.0821192 0.116592 0.0834437 0.104933 0.0816777 0.101794 0.0777042 0.101345
0 0.0865342 0.110314 0.0869757 0.119283 0.0909492 0.123318 0.0980132 0.124215 0.103311 0.121525 0.105077 0.115695 0.101987 0.104933 0.0918322 0.103587 0.0883002 0.10583
0 0.0635762 0.0874439 0.0591611 0.0919283 0.0591611 0.0959641 0.0626932 0.102691 0.0675497 0.104036 0.0750552 0.0991031 0.0746137 0.0883408 0.0710817 0.0852018
0 0.0136865 0.141704 0.0128035 0.150673 0.0136865 0.154709 0.016777 0.157848 0.0269316 0.16009 0.0326711 0.158296 0.0357616 0.15426 0.0348786 0.147534 0.0264901 0.138117 0.0189845 0.136323 0.015894 0.137668
0 0.014128 0.118834 0.014128 0.126906 0.0163355 0.130493 0.0198675 0.131839 0.0264901 0.131839 0.0304636 0.130045 0.0348786 0.123767 0.0348786 0.116143 0.0331126 0.112556 0.0291391 0.109865 0.0198675 0.111211
0 0.00441501 0.0878924 0 0.0887892 0 0.120628 0.00618102 0.121076 0.0119205 0.117937 0.01766 0.109417 0.018543 0.0986547 0.0172185 0.093722 0.0136865 0.090583 0.00838852 0.0878924
0 0.00220751 0.124664 0 0.124664 0 0.156502 0.001766 0.156502 0.00441501 0.152018 0.00883002 0.140359 0.00750552 0.130045
0 0.001766 0.168161 0 0.168161 0 0.193722 0.00485651 0.191928 0.00927152 0.187444 0.0119205 0.179821 0.00927152 0.173094
0 0.162472 0.254709 0.160706 0.269058 0.165121 0.278924 0.168212 0.280717 0.177925 0.283408 0.18543 0.282063 0.190287 0.278475 0.196468 0.268161 0.198234 0.252915 0.193819 0.243946 0.190287 0.241704 0.18234 0.240359 0.174834 0.241256 0.166887 0.246637
0 0.135982 0.259641 0.135982 0.269507 0.139073 0.276233 0.14702 0.280269 0.150993 0.280269 0.156291 0.276233 0.156291 0.263229 0.152318 0.256054 0.142163 0.254709
0 0.142163 0.234978 0.141722 0.240359 0.143488 0.244395 0.153642 0.248879 0.160265 0.24843 0.165563 0.241704 0.16468 0.231839 0.158057 0.225112 0.149227 0.227354
0 0.165563 0.212108 0.165121 0.21704 0.168653 0.226457 0.173068 0.229596 0.182781 0.232287 0.19117 0.228251 0.195585 0.220179 0.198234 0.209417 0.197351 0.20583 0.192053 0.200448 0.178808 0.197309 0.169095 0.201794 0.166446 0.20583
0 0.199117 0.230045 0.199558 0.23991 0.20574 0.246188 0.212804 0.250224 0.223841 0.247085 0.230905 0.237668 0.227815 0.222422 0.224283 0.218386 0.220751 0.21704 0.206623 0.216592 0.202208 0.221525
0 0.211038 0.186547 0.207947 0.200448 0.211921 0.206726 0.225166 0.211659 0.231347 0.211659 0.237969 0.206278 0.241501 0.195964 0.241943 0.188789 0.238411 0.183857 0.230464 0.178027 0.216777 0.179821 0.213245 0.182063
0 0.0922737 0.158296 0.0918322 0.161435 0.0935982 0.164574 0.101104 0.170852 0.10596 0.169507 0.110375 0.161883 0.109051 0.15426 0.103753 0.150224 0.0953642 0.153363
0 0.100221 0.131839 0.101545 0.143049 0.106402 0.145291 0.110375 0.143946 0.116115 0.136771 0.116998 0.130045 0.112583 0.125112 0.108168 0.124215 0.10596 0.124664
0 0.121413 0.119283 0.121854 0.127354 0.128918 0.13139 0.133775 0.130493 0.139073 0.122422 0.138631 0.116143 0.133333 0.111211 0.127152 0.112556
0 0.107726 0.104933 0.108609 0.116143 0.112141 0.119283 0.119205 0.117937 0.12362 0.109865 0.121854 0.101794 0.11479 0.0991031
0 0.0988962 0.0910314 0.0984547 0.0959641 0.101987 0.101345 0.106402 0.101345 0.109051 0.0991031 0.109934 0.093722 0.107726 0.0892377 0.10287 0.0883408
0 0.0830022 0.0798206 0.0790287 0.0847534 0.0794702 0.0955157 0.0825607 0.0982063 0.0887417 0.0991031 0.0953642 0.0946188 0.0975717 0.0883408 0.0966887 0.0838565 0.0927152 0.0784753 0.0887417 0.0766816
0 0.0626932 0.0654709 0.0635762 0.0789238 0.0657837 0.0807175 0.0754967 0.0802691 0.0812362 0.070852 0.0799117 0.0623318 0.0763797 0.0600897 0.0706402 0.0600897 0.0644592 0.0627803
0 0.0476821 0.0784753 0.0476821 0.0865471 0.0534216 0.0910314 0.0604857 0.0869955 0.0649007 0.0816143 0.0578366 0.0744395 0.0534216 0.0744395
0 0.0295806 0.07713 0.0286976 0.0847534 0.0309051 0.0887892 0.0362031 0.0910314 0.0410596 0.0892377 0.0441501 0.0825112 0.0437086 0.0775785 0.0406181 0.0744395 0.0366446 0.0735426
0 0.0203091 0.0928251 0.0211921 0.105381 0.0304636 0.106278 0.0331126 0.102242 0.0339956 0.0950673 0.0256071 0.0896861
0 0.015894 0.0780269 0.015011 0.0878924 0.018543 0.090583 0.0251656 0.0892377 0.0269316 0.0811659 0.0256071 0.0762332 0.0216336 0.073991
0 0.00485651 0.061435 0 0.0632287 0 0.0820628 0.00838852 0.0820628 0.015011 0.0744395 0.0154525 0.0672646 0.0136865 0.0636771 0.00838852 0.0609865
0 0.0181015 0.0596413 0.0181015 0.0659193 0.0216336 0.0704036 0.0264901 0.0721973 0.0326711 0.070852 0.0353201 0.067713 0.0348786 0.0587444 0.0295806 0.0533632 0.0216336 0.0542601
0 0.0384106 0.0569507 0.0375276 0.067713 0.0397351 0.0713004 0.0538631 0.0717489 0.0596026 0.0650224 0.0600442 0.0605381 0.0582781 0.0569507 0.0516556 0.0529148 0.0428256 0.0529148
0 0.0847682 0.0618834 0.0860927 0.073991 0.0883002 0.0762332 0.0953642 0.0775785 0.100221 0.067713 0.0993377 0.0605381 0.0958057 0.0578475 0.0896247 0.0578475
0 0.100221 0.0735426 0.0984547 0.0793722 0.100662 0.0834081 0.106843 0.0843049 0.110817 0.0816143 0.1117 0.073991 0.109051 0.070852 0.105077 0.0704036
0 0.111258 0.0843049 0.110817 0.0887892 0.113024 0.0928251 0.12053 0.0941704 0.123179 0.0919283 0.124503 0.0843049 0.121413 0.0807175 0.116115 0.0802691
0 0.127152 0.093722 0.126711 0.102691 0.13245 0.107623 0.137748 0.107623 0.144812 0.0995516 0.144371 0.0914798 0.140397 0.0869955 0.133775 0.0878924 0.12936 0.0901345
0 0.149227 0.0901345 0.148786 0.0955157 0.151876 0.100448 0.157616 0.1 0.162472 0.0919283 0.159823 0.0878924 0.154084 0.0856502
0 0.163797 0.112556 0.163355 0.116143 0.16777 0.121076 0.171744 0.121525 0.178366 0.118834 0.18543 0.108969 0.183664 0.100897 0.177925 0.0950673 0.171302 0.093722 0.166887 0.0991031
0 0.148344 0.133632 0.148786 0.143946 0.152318 0.149776 0.156291 0.152466 0.162031 0.152018 0.169978 0.143946 0.170419 0.132735 0.165121 0.124664 0.161148 0.123318 0.154084 0.125561
0 0.169978 0.149327 0.166887 0.15426 0.169536 0.159193 0.178366 0.164126 0.183664 0.160987 0.18543 0.157848 0.184547 0.152915 0.178366 0.143498 0.174834 0.143049
0 0.184989 0.138117 0.184547 0.143946 0.187638 0.151121 0.189404 0.153363 0.193377 0.153363 0.198675 0.149776 0.203532 0.136771 0.2 0.131839 0.194702 0.130942 0.188079 0.133632
0 0.203974 0.147085 0.203974 0.15426 0.206181 0.156054 0.213245 0.156951 0.219426 0.152466 0.221634 0.143498 0.220751 0.140807 0.216777 0.138565 0.211479 0.138565 0.207506 0.141256
0 0.211479 0.165471 0.211479 0.171749 0.213245 0.173991 0.222517 0.174439 0.228256 0.171749 0.227815 0.161883 0.2234 0.158744 0.216336 0.159641
0 0.232671 0.160538 0.233554 0.171749 0.24106 0.176682 0.245033 0.176682 0.248565 0.174439 0.250331 0.171749 0.250773 0.163229 0.246358 0.156502 0.240177 0.154709
0 0.173068 0.125561 0.17351 0.136323 0.175276 0.138565 0.179249 0.139013 0.184547 0.134081 0.18543 0.129148 0.181015 0.124215 0.175276 0.123767
0 0.2234 0.149776 0.222958 0.15426 0.225607 0.156502 0.230464 0.156502 0.234437 0.15157 0.23223 0.143946 0.227815 0.141704 0.225607 0.143049
0 0.234879 0.138117 0.234879 0.143498 0.237528 0.147982 0.241501 0.149776 0.245916 0.147085 0.247241 0.139462 0.244592 0.134978 0.240618 0.133184
0 0.21766 0.127354 0.217219 0.130045 0.219868 0.133632 0.227373 0.138117 0.230905 0.137668 0.235762 0.130493 0.234879 0.12287 0.229139 0.118834 0.222958 0.119283
0 0.2 0.112556 0.2 0.12287 0.202649 0.1287 0.20883 0.130942 0.213245 0.130045 0.218985 0.117937 0.21766 0.111659 0.212804 0.107623 0.206623 0.107623
0 0.18543 0.11704 0.184989 0.123318 0.186755 0.126009 0.188962 0.128251 0.193377 0.127354 0.195585 0.12287 0.194702 0.113004 0.192494 0.111211 0.189404 0.111659
0 0.148344 0.104484 0.147903 0.111211 0.149669 0.115695 0.153201 0.118386 0.157616 0.117489 0.157616 0.105381 0.151435 0.101794
0 0.188079 0.0955157 0.188521 0.102242 0.192053 0.106726 0.198675 0.106726 0.204415 0.102242 0.203091 0.0959641 0.198675 0.0910314 0.193377 0.090583
0 0.176159 0.0820628 0.175717 0.0878924 0.181898 0.0919283 0.189845 0.0883408 0.190287 0.0811659 0.186313 0.0762332 0.180574 0.0762332
0 0.139956 0.073991 0.139514 0.0780269 0.143488 0.0847534 0.150552 0.0834081 0.151435 0.0744395 0.149669 0.0721973 0.143929 0.0699552
0 0.124945 0.0762332 0.126269 0.0825112 0.131126 0.0843049 0.136865 0.0820628 0.13819 0.0744395 0.136424 0.0721973 0.132892 0.0717489 0.128035 0.0730942
0 0.113024 0.0668161 0.112583 0.070852 0.116115 0.0762332 0.123179 0.0757848 0.125828 0.067713 0.122737 0.0623318 0.115673 0.0627803
0 0.104636 0.058296 0.10287 0.0600897 0.10287 0.064574 0.10596 0.0690583 0.109051 0.0686099 0.111258 0.0650224 0.111258 0.0600897 0.109051 0.0573991
0 0.112583 0.0484305 0.110817 0.0529148 0.113907 0.0578475 0.123179 0.0578475 0.124503 0.0533632 0.122737 0.0497758 0.119205 0.0470852
0 0.127594 0.0565022 0.127152 0.061435 0.130243 0.0654709 0.136865 0.0672646 0.142163 0.0650224 0.143929 0.0569507 0.140397 0.0538117 0.136865 0.0520179 0.132892 0.0524664
0 0.0927152 0.0443946 0.0913907 0.0461883 0.0918322 0.0538117 0.102428 0.0556054 0.106402 0.0529148 0.107285 0.0479821 0.10596 0.0457399 0.0962472 0.0421525
0 0.00618102 0.0426009 0.00485651 0.0538117 0.00662252 0.0560538 0.0119205 0.0578475 0.0189845 0.0542601 0.0203091 0.0466368 0.01766 0.0421525 0.00838852 0.0399103
0 0.0225166 0.0399103 0.0225166 0.0470852 0.0256071 0.0502242 0.0304636 0.0506726 0.0357616 0.0466368 0.0357616 0.0421525 0.0331126 0.0390135 0.0256071 0.0376682
0 0.0392936 0.0408072 0.0388521 0.0443946 0.0437086 0.0493274 0.0525386 0.0497758 0.0565121 0.0461883 0.0565121 0.0403587 0.0538631 0.0376682 0.0472406 0.035426 0.0423841 0.0358744
0 0.0432671 0.0201794 0.0432671 0.0327354 0.0529801 0.035426 0.0578366 0.0340807 0.0640177 0.0224215 0.0613687 0.0188341 0.0538631 0.0161435 0.0463576 0.0170404
0 0.0269316 0.0192825 0.0260486 0.0224215 0.0282561 0.0327354 0.0344371 0.035426 0.0406181 0.0345291 0.0423841 0.0300448 0.0410596 0.0183857 0.0362031 0.0156951 0.0326711 0.0156951
0 0.00706402 0.0255605 0.00573951 0.0304933 0.011479 0.0376682 0.018543 0.038565 0.0225166 0.0372197 0.0251656 0.0340807 0.0251656 0.0251121 0.0220751 0.0174888 0.014128 0.0156951
0 0.0591611 0.0327354 0.0582781 0.0363229 0.0604857 0.0390135 0.0671082 0.0394619 0.0724062 0.0363229 0.0728477 0.029148 0.0706402 0.026009 0.0640177 0.0246637
0 0.0600442 0.0475336 0.0609272 0.0533632 0.0662252 0.0569507 0.0741722 0.055157 0.0768212 0.0493274 0.0759382 0.044843 0.0715232 0.0421525 0.0640177 0.0426009
0 0.0750552 0.026009 0.0750552 0.0363229 0.0772627 0.0390135 0.0812362 0.0412556 0.0878587 0.041704 0.0927152 0.0394619 0.0935982 0.0358744 0.0913907 0.0255605 0.0772627 0.0237668
0 0.0953642 0.0278027 0.0971302 0.0390135 0.101987 0.0421525 0.109934 0.0439462 0.116556 0.0430493 0.118764 0.0408072 0.122296 0.0255605 0.116115 0.0224215 0.113024 0.0242152 0.101987 0.02287 0.0975717 0.0246637
0 0.122296 0.0269058 0.119647 0.0399103 0.121413 0.0443946 0.126711 0.0488789 0.136424 0.0475336 0.140397 0.0331839 0.139073 0.029148 0.133775 0.0255605 0.124503 0.0255605
0 0.140839 0.0421525 0.141722 0.0497758 0.147461 0.0538117 0.157616 0.0538117 0.161589 0.0493274 0.162031 0.0394619 0.157616 0.0345291 0.147461 0.0313901 0.144812 0.032287
0 0.16468 0.0421525 0.164238 0.0506726 0.169536 0.0556054 0.171744 0.0565022 0.178808 0.0533632 0.181457 0.0466368 0.179249 0.0408072 0.167329 0.0394619
0 0.183223 0.0466368 0.182781 0.0538117 0.184547 0.0573991 0.192936 0.058296 0.196468 0.0556054 0.198675 0.0466368 0.19426 0.0426009 0.187196 0.041704
0 0.197792 0.0538117 0.196909 0.0605381 0.201325 0.0681614 0.206623 0.0704036 0.212804 0.0695067 0.215453 0.0672646 0.217219 0.0569507 0.212804 0.0524664 0.202208 0.0488789 0.199558 0.0502242
0 0.218543 0.0627803 0.218985 0.0713004 0.223841 0.0753363 0.230464 0.0744395 0.236203 0.0663677 0.236203 0.061435 0.233996 0.0569507 0.230022 0.055157 0.223841 0.0542601 0.220309 0.0569507
0 0.23532 0.0713004 0.234879 0.0780269 0.237086 0.0820628 0.24415 0.0856502 0.248124 0.0847534 0.251656 0.0816143 0.255188 0.0717489 0.250773 0.0672646 0.245475 0.0650224 0.237969 0.0663677
0 0.252097 0.0847534 0.250331 0.0883408 0.250773 0.0919283 0.254746 0.0973094 0.259603 0.1 0.269316 0.0986547 0.272406 0.0811659 0.261369 0.0780269
0 0.271965 0.0887892 0.27064 0.0995516 0.275497 0.106726 0.283444 0.10852 0.290066 0.10583 0.291391 0.0950673 0.287417 0.0865471 0.27638 0.0843049
0 0.29404 0.0950673 0.292715 0.105381 0.29404 0.108969 0.300221 0.112556 0.304636 0.111211 0.308168 0.105381 0.308168 0.0995516 0.305519 0.0964126 0.29713 0.0919283
0 0.15585 0.0744395 0.156733 0.0816143 0.162031 0.0856502 0.166004 0.0865471 0.171744 0.0829596 0.169978 0.0762332 0.165563 0.0695067 0.160706 0.0686099
0 0.159823 0.0560538 0.159382 0.0618834 0.161148 0.0650224 0.165563 0.0659193 0.170861 0.0641256 0.171302 0.0569507 0.165121 0.0547085
0 0.171302 0.0650224 0.169536 0.0672646 0.170861 0.0713004 0.173951 0.0748879 0.177925 0.0748879 0.180574 0.0713004 0.180132 0.0681614 0.177925 0.0659193
0 0.184989 0.0641256 0.18543 0.0704036 0.192053 0.0730942 0.194702 0.0717489 0.196026 0.0672646 0.192494 0.0623318 0.188521 0.0618834
0 0.195143 0.0757848 0.19426 0.0789238 0.196468 0.0860987 0.203091 0.0869955 0.207064 0.0852018 0.20883 0.0820628 0.207506 0.073991 0.199117 0.0717489
0 0.222517 0.0820628 0.221634 0.0847534 0.223841 0.0910314 0.226932 0.0919283 0.23223 0.0887892 0.233554 0.0847534 0.230905 0.0802691 0.22649 0.0789238
0 0.206181 0.0896861 0.206181 0.0991031 0.210155 0.102691 0.216336 0.102242 0.222075 0.0950673 0.219868 0.0874439 0.216777 0.0852018 0.212804 0.0852018
0 0.211921 0.0748879 0.211038 0.0780269 0.213245 0.0811659 0.216777 0.0820628 0.218985 0.0802691 0.219868 0.07713 0.217219 0.0726457
0 0.23532 0.0901345 0.234879 0.0986547 0.237528 0.104036 0.245033 0.102691 0.248124 0.0964126 0.246358 0.0914798 0.24106 0.0878924 0.237969 0.0878924
0 0.219868 0.104036 0.221192 0.111659 0.226049 0.11435 0.231788 0.111659 0.23532 0.106278 0.234879 0.102242 0.230464 0.0964126 0.224724 0.0973094
0 0.246799 0.105381 0.246358 0.108969 0.248565 0.112108 0.255629 0.111659 0.25872 0.108969 0.25872 0.104484 0.255188 0.100897 0.250331 0.101345
0 0.239294 0.120628 0.24106 0.1287 0.247682 0.128251 0.250773 0.124664 0.250331 0.120628 0.247682 0.117937 0.243709 0.117937
0 0.250331 0.130045 0.24989 0.133632 0.255188 0.140359 0.258278 0.141256 0.262252 0.138565 0.262693 0.132735 0.260927 0.1287 0.254746 0.127354
0 0.25298 0.117489 0.252097 0.119731 0.254746 0.124215 0.26181 0.126009 0.262693 0.118386 0.260044 0.114798 0.256954 0.11435
0 0.260927 0.104933 0.260486 0.109865 0.263135 0.113901 0.267108 0.115247 0.271523 0.113004 0.272848 0.109417 0.268874 0.102691 0.264459 0.102242
0 0.264018 0.121525 0.264901 0.130493 0.268433 0.132735 0.273289 0.132287 0.275938 0.126906 0.275938 0.123318 0.273289 0.118834 0.268874 0.117489
0 0.263135 0.143498 0.264018 0.152018 0.268433 0.156054 0.275938 0.154709 0.27947 0.150673 0.279029 0.143498 0.275055 0.138565 0.266667 0.138565
0 0.255188 0.162332 0.255188 0.172197 0.260486 0.175336 0.264459 0.174439 0.267108 0.169058 0.26755 0.160987 0.261369 0.157848 0.258278 0.158744
0 0.245033 0.188789 0.244592 0.192825 0.246799 0.197758 0.256071 0.199103 0.263135 0.192377 0.264459 0.184753 0.262252 0.181166 0.254746 0.179821 0.249448 0.182063
0 0.235762 0.21704 0.235762 0.223767 0.242826 0.23139 0.251214 0.232287 0.255629 0.227354 0.260486 0.209865 0.257837 0.206278 0.253863 0.204484 0.24415 0.204484
0 0.309492 0.100897 0.308168 0.105381 0.309492 0.111211 0.317881 0.115247 0.324503 0.105381 0.324062 0.101794 0.315673 0.0982063 0.3117 0.0986547
0 0.319647 0.117489 0.320971 0.127354 0.334658 0.134978 0.339956 0.13139 0.343929 0.121076 0.342163 0.11435 0.328477 0.109417
0 0.343488 0.126906 0.342605 0.132287 0.345695 0.139013 0.355408 0.140807 0.361148 0.137668 0.362914 0.130045 0.358499 0.121076 0.350993 0.119283
0 0.286976 0.113453 0.286093 0.116592 0.289625 0.122422 0.294923 0.123318 0.298896 0.120179 0.298455 0.115695 0.29404 0.111659 0.289625 0.111211
0 0.274614 0.112108 0.274172 0.116592 0.277704 0.121525 0.281236 0.121973 0.284327 0.119731 0.28521 0.115695 0.283002 0.111659 0.27638 0.110762
0 0.301987 0.116143 0.301545 0.121076 0.305077 0.125112 0.310375 0.127354 0.316556 0.123767 0.315673 0.118386 0.310375 0.113453 0.306843 0.113004
0 0.277263 0.129596 0.276821 0.134978 0.280795 0.138565 0.287417 0.138117 0.290066 0.134978 0.290066 0.1287 0.286534 0.124215 0.279912 0.125112
0 0.293157 0.130045 0.292274 0.133632 0.294923 0.138565 0.303753 0.139462 0.30596 0.13722 0.30596 0.130045 0.301545 0.125112 0.296689 0.126009
0 0.283444 0.144395 0.283002 0.150673 0.286534 0.154709 0.289625 0.155157 0.295364 0.151121 0.295806 0.143946 0.293598 0.140807 0.286534 0.140807
0 0.298896 0.143498 0.299338 0.150224 0.304636 0.152018 0.308168 0.147085 0.307285 0.142152 0.303753 0.13991
0 0.309492 0.134081 0.310375 0.13991 0.316115 0.13991 0.320088 0.136771 0.320088 0.131839 0.317439 0.1287 0.313466 0.129596
0 0.308168 0.148879 0.306843 0.15426 0.308168 0.158744 0.312583 0.161435 0.316998 0.16009 0.321413 0.151121 0.319647 0.147085 0.313907 0.145291
0 0.29404 0.16278 0.293598 0.169507 0.297572 0.171749 0.300662 0.1713 0.304194 0.168161 0.30596 0.161435 0.303753 0.156054 0.299779 0.155157
0 0.305077 0.173094 0.304636 0.176682 0.306843 0.182063 0.313907 0.184753 0.317881 0.183857 0.323179 0.178924 0.324503 0.175336 0.323179 0.16861 0.316556 0.165471 0.310375 0.166368
0 0.324062 0.153812 0.324062 0.158744 0.327152 0.162332 0.331126 0.163677 0.336424 0.161883 0.339073 0.157848 0.33819 0.15426 0.331567 0.149776 0.327152 0.150224
0 0.320971 0.137668 0.320088 0.141704 0.321413 0.145291 0.328035 0.147085 0.330243 0.144843 0.330684 0.139462 0.327594 0.136771
0 0.333333 0.139462 0.332892 0.147534 0.338631 0.150224 0.343046 0.144395 0.343046 0.140359 0.338631 0.137668
0 0.343046 0.147982 0.343046 0.156951 0.347461 0.159641 0.352318 0.158744 0.356291 0.15157 0.354967 0.146637 0.348344 0.143946
0 0.360706 0.143946 0.359823 0.147982 0.365563 0.155605 0.369536 0.157399 0.374393 0.155605 0.374393 0.147982 0.369978 0.143049 0.365121 0.141704
0 0.268433 0.16861 0.267991 0.179821 0.268874 0.182063 0.272406 0.183408 0.279912 0.184305 0.285651 0.178924 0.289625 0.172197 0.286976 0.161883 0.27947 0.158744 0.271965 0.160987
0 0.317439 0.195964 0.316998 0.201794 0.319205 0.208072 0.322296 0.211659 0.328918 0.21435 0.334658 0.213004 0.340397 0.208072 0.345695 0.199552 0.342605 0.188789 0.33819 0.18565 0.332009 0.184305 0.323179 0.187444
0 0.286534 0.18565 0.286534 0.190135 0.296689 0.193722 0.301987 0.189686 0.303753 0.18296 0.300221 0.176233 0.295806 0.175336 0.291832 0.178027
0 0.279912 0.202691 0.279912 0.209865 0.282561 0.213901 0.285651 0.215247 0.290508 0.214798 0.298013 0.208072 0.297572 0.2 0.293598 0.196413 0.286093 0.196413
0 0.263135 0.197758 0.261369 0.202242 0.262252 0.205381 0.268874 0.209865 0.274614 0.20583 0.277704 0.199552 0.276821 0.194619 0.272406 0.191031 0.268874 0.19148
0 0.296247 0.216592 0.294923 0.219283 0.296247 0.230493 0.299338 0.235426 0.303753 0.236771 0.309492 0.233632 0.318322 0.219731 0.316556 0.213004 0.311258 0.209417 0.301104 0.211211
0 0.302428 0.192377 0.300221 0.195964 0.302428 0.202691 0.306402 0.205381 0.3117 0.204933 0.314349 0.2 0.313907 0.192825 0.310375 0.189686 0.305519 0.189686
0 0.262693 0.230493 0.263135 0.237668 0.265784 0.240807 0.275055 0.24574 0.282561 0.245291 0.287417 0.242601 0.290949 0.236323 0.287859 0.227354 0.275938 0.219731 0.270199 0.220628
0 0.318764 0.23139 0.317881 0.241256 0.320971 0.244843 0.324503 0.24574 0.332009 0.243946 0.337307 0.234529 0.335982 0.225561 0.332892 0.221525 0.328477 0.219283 0.321854 0.222422
0 0.339956 0.215247 0.339956 0.221076 0.346578 0.229148 0.35585 0.230045 0.359382 0.226906 0.362031 0.215695 0.356291 0.206726 0.34702 0.207623
0 0.337307 0.248879 0.336865 0.255157 0.339956 0.264574 0.345254 0.269507 0.351876 0.269507 0.357174 0.266816 0.36468 0.258296 0.364238 0.244843 0.35894 0.239013 0.34702 0.240359
0 0.366004 0.219731 0.365121 0.234081 0.370419 0.239462 0.380132 0.238565 0.388079 0.230045 0.388521 0.220179 0.384989 0.215247 0.381015 0.213004 0.372185 0.213901 0.368212 0.216143
0 0.381898 0.195067 0.380574 0.203139 0.383664 0.207623 0.390728 0.209417 0.397792 0.20583 0.399117 0.198206 0.396026 0.193722 0.390287 0.191031 0.386755 0.19148
0 0.36777 0.183857 0.36777 0.189686 0.372627 0.19417 0.379249 0.193274 0.382781 0.189238 0.382781 0.18565 0.378366 0.179821 0.371302 0.179821
0 0.364238 0.2 0.361589 0.203139 0.363797 0.208969 0.365563 0.210762 0.369536 0.209865 0.374393 0.204036 0.373951 0.198206 0.369095 0.196861
0 0.347903 0.187892 0.350993 0.198206 0.35894 0.2 0.362914 0.195516 0.362914 0.189238 0.35894 0.185202 0.351876 0.184753
0 0.339073 0.165919 0.337307 0.168161 0.337748 0.178475 0.342163 0.181166 0.351876 0.178924 0.352318 0.173094 0.349227 0.166816 0.341722 0.163229
0 0.357616 0.173991 0.357174 0.178475 0.359382 0.180717 0.366004 0.181614 0.369095 0.178475 0.368212 0.172646 0.365563 0.169955 0.360265 0.170404
0 0.356733 0.16009 0.35585 0.165022 0.358057 0.167265 0.362914 0.167713 0.366887 0.165919 0.367329 0.160987 0.365563 0.158744 0.360265 0.157848
0 0.370861 0.164126 0.371302 0.170852 0.375276 0.175785 0.379691 0.175785 0.384989 0.171749 0.38543 0.167713 0.38234 0.16278 0.373068 0.160987
0 0.388962 0.159641 0.388962 0.168161 0.393819 0.173094 0.400883 0.174888 0.406623 0.173543 0.410155 0.171749 0.412804 0.167713 0.412804 0.157399 0.404415 0.150673 0.396026 0.150673
0 0.377483 0.149327 0.3766 0.15426 0.381898 0.159641 0.387196 0.158744 0.392053 0.150673 0.388962 0.146188 0.384989 0.144843 0.379249 0.146637
0 0.400883 0.179821 0.393819 0.182063 0.399558 0.190135 0.40574 0.19148 0.408389 0.188789 0.407506 0.182511 0.404415 0.179372
0 0.396026 0.212556 0.392494 0.217937 0.397351 0.226457 0.402208 0.225561 0.407947 0.220628 0.408389 0.216143 0.40574 0.212108 0.400442 0.210762
0 0.407064 0.229596 0.406181 0.237668 0.407506 0.245291 0.411038 0.247534 0.420751 0.246188 0.427815 0.234081 0.426932 0.227354 0.421634 0.223767 0.416336 0.223318 0.411479 0.225112
0 0.388079 0.237668 0.388079 0.243498 0.390287 0.246188 0.397351 0.244843 0.400442 0.241256 0.399558 0.234081 0.396026 0.23139 0.392494 0.23139
0 0.369978 0.25426 0.370861 0.263677 0.374393 0.266368 0.379691 0.266816 0.386755 0.260538 0.388521 0.252466 0.38543 0.247085 0.376159 0.24574 0.371744 0.248879
0 0.392936 0.252466 0.393377 0.257848 0.397792 0.260538 0.400883 0.259641 0.407064 0.251121 0.400883 0.246637 0.396468 0.24843
0 0.406181 0.259193 0.406181 0.269058 0.411038 0.276233 0.417219 0.276682 0.422075 0.273543 0.425166 0.260538 0.421192 0.253363 0.416336 0.252466 0.411038 0.253812
0 0.382781 0.269955 0.380132 0.272197 0.380132 0.281166 0.38234 0.286547 0.387196 0.290583 0.392936 0.291928 0.397351 0.290583 0.403974 0.282063 0.404415 0.278924 0.401325 0.270404 0.393819 0.264574 0.388521 0.265919
0 0.357616 0.272646 0.35585 0.275785 0.358499 0.282511 0.362472 0.286996 0.366446 0.287892 0.371302 0.286547 0.374834 0.284753 0.377483 0.280269 0.375717 0.2713 0.370861 0.267713 0.365121 0.267713
0 0.326269 0.282511 0.325386 0.295964 0.327594 0.30583 0.334658 0.309865 0.341722 0.309865 0.348344 0.307175 0.354084 0.296861 0.355408 0.290135 0.350552 0.282063 0.341722 0.275785 0.334658 0.27713
0 0.366446 0.299552 0.366004 0.306726 0.368212 0.313004 0.366004 0.323767 0.366887 0.327354 0.373068 0.330045 0.380132 0.329148 0.388962 0.322422 0.394702 0.313901 0.395585 0.308969 0.393377 0.300448 0.380132 0.29148 0.374834 0.292377
0 0.321413 0.334978 0.320971 0.341704 0.327594 0.352915 0.330684 0.35426 0.342163 0.353363 0.35011 0.346637 0.354084 0.332287 0.354084 0.324664 0.347903 0.318386 0.342605 0.316592 0.334658 0.31704 0.327594 0.321525
0 0.293157 0.310762 0.292274 0.321076 0.296247 0.329596 0.303311 0.334529 0.313907 0.333184 0.322296 0.317489 0.323179 0.313453 0.321854 0.310314 0.316556 0.306278 0.306843 0.304933 0.29713 0.307623
0 0.2883 0.278924 0.286093 0.282511 0.286093 0.286547 0.292715 0.299103 0.298455 0.302242 0.307285 0.299552 0.31479 0.290583 0.317439 0.283408 0.315232 0.275785 0.305077 0.268161 0.294923 0.270852
0 0.230464 0.249327 0.229581 0.261883 0.237969 0.272646 0.242384 0.274439 0.250773 0.273991 0.256954 0.270404 0.260927 0.265471 0.261369 0.251121 0.253422 0.240359 0.248124 0.238565 0.240177 0.239462 0.233996 0.243498
0 0.192053 0.3 0.192053 0.316592 0.196468 0.321973 0.204415 0.32287 0.208389 0.321525 0.21457 0.316592 0.218543 0.310314 0.21766 0.299552 0.210155 0.29148 0.199117 0.29148
0 0.233554 0.321076 0.230905 0.33139 0.233996 0.342152 0.24106 0.345291 0.248565 0.34574 0.254305 0.344395 0.25872 0.340807 0.263576 0.326009 0.263135 0.320628 0.260927 0.31704 0.255188 0.313453 0.24415 0.311659 0.237528 0.315695
0 0.250773 0.369058 0.250331 0.37713 0.252097 0.383408 0.25872 0.386996 0.266667 0.384753 0.270199 0.387892 0.275055 0.387444 0.27947 0.383408 0.282561 0.376233 0.283885 0.364574 0.283002 0.355605 0.27947 0.351121 0.275497 0.349327 0.268874 0.34843 0.262252 0.350224 0.253863 0.356054
0 0.401766 0.296861 0.401325 0.300897 0.405298 0.307623 0.416777 0.313901 0.424724 0.311659 0.433113 0.300448 0.432671 0.292377 0.428256 0.288341 0.418543 0.283857 0.411921 0.285202 0.407947 0.287892
0 0.313024 0.260987 0.313907 0.26861 0.319647 0.273094 0.324945 0.273094 0.330684 0.26861 0.331567 0.259193 0.327152 0.253363 0.320971 0.252915 0.315673 0.255157
0 0.428698 0.265919 0.427815 0.272646 0.429139 0.276233 0.434879 0.280269 0.439294 0.279372 0.447241 0.271749 0.446799 0.264126 0.441501 0.258744 0.43532 0.258744 0.431788 0.260538
0 0.427815 0.244843 0.426932 0.25157 0.429139 0.253363 0.435762 0.253812 0.439735 0.250673 0.439735 0.243946 0.436203 0.240359 0.43223 0.240807
0 0.433554 0.227354 0.432671 0.23139 0.43532 0.235426 0.44106 0.235426 0.446358 0.230045 0.446358 0.226906 0.442384 0.22287
0 0.42649 0.212108 0.425166 0.21435 0.426932 0.221525 0.433113 0.222422 0.436645 0.221076 0.437969 0.216592 0.436203 0.212556 0.433113 0.211211
0 0.412804 0.210314 0.411479 0.213004 0.412804 0.217937 0.418102 0.219283 0.421634 0.21704 0.422517 0.212556 0.419868 0.20852 0.418102 0.207623
0 0.403091 0.199552 0.402649 0.203139 0.407506 0.209417 0.411921 0.207623 0.413687 0.199552 0.411038 0.195516 0.407506 0.195067
0 0.454305 0.261435 0.454746 0.268161 0.463135 0.269507 0.470199 0.262332 0.470199 0.257848 0.46755 0.253363 0.463135 0.250673 0.45872 0.253812
0 0.44415 0.245291 0.443709 0.252018 0.446799 0.254709 0.44989 0.254709 0.453422 0.249776 0.453422 0.247085 0.449007 0.243946
0 0.455188 0.23722 0.455629 0.244843 0.458278 0.246188 0.462693 0.245291 0.463576 0.238117 0.460486 0.235874
0 0.465784 0.227354 0.465342 0.234081 0.467108 0.235874 0.473289 0.236323 0.475497 0.234081 0.475938 0.230942 0.471523 0.225561 0.469757 0.224664
0 0.451656 0.223767 0.450773 0.227803 0.453422 0.23139 0.457395 0.232287 0.461369 0.229596 0.462252 0.223767 0.459603 0.221076 0.456071 0.221076
0 0.486534 0.240807 0.486093 0.244843 0.489183 0.249327 0.490949 0.250224 0.496247 0.247982 0.498013 0.241256 0.495806 0.237668 0.490508 0.236771
0 0.471523 0.24843 0.471523 0.254709 0.474614 0.258744 0.481678 0.26009 0.484768 0.257848 0.486093 0.25157 0.483444 0.246188 0.476821 0.244843
0 0.487859 0.258744 0.487859 0.266368 0.490066 0.26861 0.494923 0.269058 0.498455 0.267265 0.50287 0.261883 0.502428 0.258296 0.495806 0.253812 0.491391 0.254709
0 0.470199 0.266368 0.468874 0.273094 0.472406 0.278027 0.478587 0.279821 0.483885 0.27713 0.485651 0.269058 0.482561 0.264574 0.476821 0.26278 0.472848 0.263677
0 0.44989 0.276233 0.449007 0.281166 0.45298 0.290135 0.456071 0.292825 0.460486 0.29148 0.466667 0.28296 0.465342 0.277578 0.458278 0.273991 0.452539 0.273991
0 0.464018 0.295964 0.464459 0.30583 0.468874 0.310762 0.482561 0.310762 0.485651 0.309417 0.488742 0.304933 0.490066 0.292825 0.483885 0.28565 0.473731 0.284753 0.470199 0.286099
0 0.434437 0.312556 0.434879 0.321076 0.446358 0.324664 0.457395 0.319283 0.460044 0.310314 0.456071 0.301345 0.448565 0.299552 0.439735 0.303139
0 0.471965 0.324215 0.472406 0.338117 0.47947 0.343498 0.484768 0.344395 0.490508 0.342601 0.499779 0.334978 0.498896 0.321973 0.491391 0.315247 0.477263 0.317937 0.473731 0.320179
0 0.447682 0.3287 0.447241 0.334978 0.449448 0.339013 0.460044 0.340807 0.466225 0.338117 0.467108 0.327354 0.463576 0.321076 0.457837 0.321973
0 0.404415 0.338117 0.404415 0.352018 0.407064 0.359193 0.411479 0.364126 0.428698 0.369507 0.43223 0.369058 0.437528 0.365022 0.443709 0.352915 0.444592 0.343946 0.442384 0.338117 0.43223 0.326009 0.428256 0.324215 0.420751 0.324215 0.413245 0.326457
0 0.44415 0.361883 0.443709 0.366368 0.445916 0.372646 0.450331 0.376682 0.460044 0.380269 0.46755 0.37713 0.478146 0.369058 0.479912 0.359641 0.475055 0.349327 0.467108 0.344843 0.46181 0.344395 0.450773 0.34843
0 0.490066 0.352466 0.4883 0.358744 0.488742 0.365471 0.490508 0.370852 0.494481 0.374888 0.512583 0.372197 0.516556 0.370404 0.52053 0.365471 0.522296 0.359193 0.520971 0.35157 0.516556 0.344843 0.510817 0.341704 0.504636 0.340807 0.499338 0.343049
0 0.496689 0.300448 0.495364 0.307175 0.49713 0.310762 0.506402 0.313004 0.512583 0.310314 0.513466 0.299552 0.5117 0.295516 0.50287 0.295067
0 0.496689 0.286547 0.495364 0.289686 0.498013 0.293722 0.505077 0.291928 0.506843 0.289686 0.50596 0.28565 0.502428 0.283408
0 0.485651 0.276682 0.484768 0.279372 0.4883 0.283857 0.492274 0.284753 0.494923 0.283408 0.496689 0.278924 0.492715 0.273094 0.490508 0.272197
0 0.958057 0.99148 0.957174 0.995067 0.958499 0.999552 0.975717 0.999552 0.9766 0.988341 0.97351 0.983408 0.965121 0.983408 0.960706 0.986547
0 0.957616 0.966816 0.958057 0.969955 0.955408 0.973543 0.956733 0.980717 0.960265 0.982063 0.970419 0.978027 0.971744 0.973543 0.969095 0.967265 0.960265 0.964574
0 0.959823 0.949327 0.959382 0.952915 0.961589 0.958296 0.966887 0.964126 0.97351 0.965919 0.9766 0.956054 0.974393 0.947982
0 0.954967 0.931839 0.954525 0.939013 0.958499 0.946188 0.964238 0.947982 0.973951 0.947982 0.975276 0.942152 0.973068 0.9287 0.966446 0.926906
0 0.94702 0.909865 0.947903 0.921525 0.952759 0.926906 0.960265 0.926009 0.970419 0.921076 0.970419 0.910762 0.966887 0.904933 0.952759 0.904484 0.949669 0.905381
0 0.951435 0.883857 0.949669 0.886996 0.949669 0.897309 0.950993 0.898655 0.956291 0.900448 0.96777 0.897309 0.968653 0.887892 0.966004 0.88296 0.953201 0.881614
0 0.95011 0.868161 0.949669 0.873991 0.952759 0.878924 0.962914 0.879821 0.966446 0.877578 0.96777 0.866368 0.965121 0.86278 0.952759 0.861883
0 0.951435 0.84843 0.951435 0.855605 0.953642 0.857848 0.964238 0.858744 0.968653 0.855605 0.969095 0.847534 0.966446 0.843946 0.953201 0.846188
0 0.952759 0.830942 0.953642 0.837668 0.958057 0.840807 0.962031 0.841704 0.968653 0.83991 0.969536 0.833184 0.966887 0.826457 0.959382 0.826906
0 0.945254 0.813004 0.947461 0.821076 0.951876 0.825112 0.959823 0.824664 0.967329 0.821525 0.967329 0.810314 0.963355 0.806726 0.95011 0.809865
0 0.937748 0.790583 0.93819 0.8 0.943488 0.80583 0.948786 0.807175 0.954084 0.80583 0.962472 0.8 0.963355 0.792825 0.962031 0.788341 0.956291 0.783408 0.940397 0.788341
0 0.935541 0.771749 0.935541 0.778475 0.939073 0.783857 0.94702 0.783408 0.956733 0.778475 0.956291 0.771749 0.950552 0.765919 0.939514 0.767713
0 0.930684 0.755605 0.92936 0.758296 0.930243 0.760538 0.935541 0.764574 0.949669 0.761883 0.947903 0.75157 0.944812 0.749327 0.939073 0.749327
0 0.928918 0.738565 0.92936 0.746188 0.935099 0.749327 0.941722 0.746188 0.944371 0.73991 0.943488 0.735426 0.939073 0.732735 0.931126 0.735874
0 0.919647 0.721076 0.916998 0.723767 0.917439 0.730493 0.924945 0.736771 0.93245 0.734529 0.939956 0.727803 0.939073 0.720179 0.935541 0.715695
0 0.914349 0.703587 0.913907 0.712556 0.917881 0.71704 0.926269 0.71704 0.934658 0.712556 0.934216 0.702242 0.930684 0.697758 0.919205 0.698655
0 0.912583 0.683857 0.910817 0.68565 0.911258 0.692825 0.914349 0.695067 0.922737 0.69417 0.928477 0.690135 0.928477 0.686099 0.925386 0.680717 0.920971 0.680269
0 0.905077 0.672646 0.906402 0.678924 0.913466 0.681166 0.919647 0.678924 0.922737 0.675336 0.923179 0.6713 0.921413 0.665919 0.918322 0.664126 0.909934 0.666816
0 0.900221 0.65157 0.900221 0.660538 0.905077 0.665022 0.908168 0.665471 0.91479 0.662332 0.918764 0.658296 0.919205 0.65426 0.916556 0.647085 0.914349 0.645291 0.904636 0.647534
0 0.894481 0.636771 0.894481 0.642601 0.897572 0.646637 0.904194 0.646188 0.915232 0.640807 0.912583 0.633632 0.907726 0.630045 0.904194 0.630045
0 0.88521 0.617489 0.88521 0.626457 0.890508 0.63139 0.897572 0.63139 0.905519 0.626457 0.904636 0.616143 0.900662 0.613453
0 0.882561 0.6 0.881678 0.60583 0.883444 0.610314 0.893157 0.611659 0.901545 0.610314 0.901545 0.598655 0.89713 0.593722
0 0.873289 0.578027 0.872406 0.585202 0.874172 0.59148 0.879912 0.596413 0.889183 0.593274 0.896247 0.588341 0.894481 0.576682 0.890949 0.573991 0.875938 0.575785
0 0.865784 0.55426 0.866225 0.561883 0.869757 0.567713 0.875938 0.572646 0.886534 0.571749 0.892715 0.567713 0.89404 0.56009 0.892715 0.550224 0.886093 0.543049 0.883002 0.542152 0.879029 0.543498
0 0.853863 0.53722 0.85298 0.53991 0.854305 0.542601 0.862693 0.549776 0.87064 0.547085 0.877704 0.540359 0.877263 0.532287 0.866225 0.522422 0.862252 0.524664
0 0.83223 0.514798 0.831788 0.520179 0.833554 0.525561 0.837969 0.531839 0.845033 0.534529 0.851656 0.532735 0.856512 0.527354 0.860044 0.519731 0.859603 0.511659 0.855629 0.504933 0.852539 0.503587 0.837086 0.507175
0 0.833996 0.495067 0.833554 0.501794 0.834879 0.504036 0.846358 0.501794 0.851214 0.498655 0.850331 0.491031 0.845916 0.487892 0.839735 0.490135
0 0.818543 0.476682 0.819426 0.487444 0.825166 0.493274 0.829139 0.493722 0.83532 0.49148 0.843709 0.482063 0.839735 0.472197 0.83532 0.467713 0.831347 0.466368
0 0.809272 0.456054 0.807064 0.459641 0.807506 0.463677 0.814128 0.4713 0.820309 0.471749 0.830464 0.463677 0.830022 0.46009 0.825607 0.452915 0.820751 0.449327 0.814128 0.449327
0 0.792494 0.447982 0.792053 0.452915 0.796026 0.457399 0.803974 0.458744 0.813245 0.446188 0.808389 0.440807 0.801766 0.438565 0.797792 0.440807
0 0.777483 0.434978 0.777042 0.43991 0.781457 0.444843 0.790287 0.446637 0.795143 0.438117 0.795585 0.432735 0.792936 0.427803 0.789404 0.427354 0.785872 0.428251
0 0.767329 0.421525 0.766004 0.425112 0.772185 0.432287 0.779249 0.43139 0.787196 0.42287 0.786313 0.417937 0.777042 0.411211 0.772185 0.413901
0 0.742605 0.408969 0.743046 0.414798 0.746137 0.420179 0.750993 0.423767 0.75894 0.425561 0.76468 0.421973 0.769095 0.407623 0.762031 0.4 0.754967 0.397309 0.747461 0.402691
0 0.725828 0.390583 0.725386 0.395964 0.728035 0.402691 0.730684 0.40583 0.736424 0.408072 0.740839 0.406726 0.750552 0.394619 0.748786 0.387444 0.744371 0.383408 0.737748 0.381166 0.729801 0.384753
0 0.709492 0.376233 0.709051 0.383408 0.716998 0.390583 0.723179 0.388789 0.727152 0.383408 0.728035 0.376682 0.720088 0.367713 0.716556 0.366816
0 0.69404 0.36278 0.693598 0.369058 0.699338 0.376233 0.706402 0.374439 0.713466 0.365919 0.713466 0.36278 0.705077 0.356502 0.698896 0.358296
0 0.671082 0.346637 0.671965 0.355605 0.675938 0.360987 0.680795 0.363677 0.689183 0.364126 0.696689 0.356054 0.697572 0.349327 0.695806 0.345291 0.684768 0.334529 0.682119 0.334529
0 0.651214 0.33139 0.650773 0.334978 0.653863 0.340359 0.66181 0.338117 0.660927 0.324664 0.656071 0.324664
0 0.640618 0.313901 0.639735 0.31704 0.633996 0.321076 0.633996 0.324664 0.636645 0.330045 0.64415 0.332287 0.650773 0.327803 0.653422 0.320179 0.650773 0.31435
0 0.618102 0.305381 0.615894 0.309865 0.616336 0.313901 0.6234 0.320628 0.630022 0.321076 0.634437 0.317937 0.639294 0.311211 0.638852 0.306278 0.633996 0.300448 0.630022 0.298655 0.622958 0.299552
0 0.59426 0.29148 0.59426 0.300448 0.596909 0.304933 0.600442 0.30852 0.606623 0.310762 0.612804 0.310762 0.620751 0.296861 0.619426 0.291928 0.605298 0.282063 0.602208 0.281614 0.599117 0.283408
0 0.563355 0.26861 0.561589 0.275785 0.564238 0.279372 0.56777 0.280717 0.574834 0.280717 0.581015 0.272646 0.579249 0.266368 0.574393 0.263229 0.570861 0.263229
0 0.533775 0.252018 0.533333 0.255157 0.535099 0.256951 0.543046 0.258744 0.547903 0.254709 0.551435 0.247534 0.54702 0.243498 0.539514 0.241704 0.537748 0.242601
0 0.5117 0.238565 0.5117 0.245291 0.516998 0.252466 0.522296 0.255157 0.52936 0.25426 0.531126 0.252466 0.533775 0.241256 0.532892 0.237668 0.528918 0.234081 0.518764 0.230045
0 0.498013 0.230045 0.498013 0.236771 0.501545 0.240807 0.508168 0.23991 0.516556 0.230942 0.516115 0.227354 0.5117 0.223767 0.501545 0.219731 0.501545 0.223767
0 0.475938 0.220179 0.475497 0.223767 0.477263 0.227354 0.487417 0.233632 0.494923 0.231839 0.501104 0.220179 0.495806 0.213004 0.485651 0.209865 0.479912 0.212556
0 0.45872 0.207623 0.456512 0.209865 0.456954 0.213453 0.463576 0.221076 0.466225 0.221525 0.47064 0.220628 0.478587 0.210314 0.476821 0.204484 0.468433 0.200897
0 0.443709 0.193274 0.443709 0.199103 0.445916 0.202691 0.45298 0.206278 0.459603 0.204484 0.465784 0.196861 0.462693 0.189686 0.45298 0.183857 0.446799 0.186547
0 0.40883 0.175336 0.40574 0.178475 0.407064 0.179821 0.407947 0.182063 0.409713 0.183857 0.411038 0.186099 0.413687 0.186099 0.414128 0.18565 0.415453 0.18565 0.415894 0.185202 0.41766 0.184753 0.418543 0.183857 0.419426 0.182063 0.419868 0.179821 0.420751 0.178475 0.419868 0.177578 0.418102 0.176682 0.415011 0.172646 0.412362 0.172646 0.409272 0.175336
0 0.761148 0.688789 0.760706 0.696413 0.762472 0.703139 0.768212 0.710314 0.774834 0.712556 0.785872 0.712556 0.8 0.707175 0.807506 0.699552 0.809713 0.69417 0.80883 0.68296 0.80574 0.675785 0.801325 0.672197 0.790287 0.667713 0.781898 0.66861 0.767329 0.674888 0.76468 0.677578
0 0.752318 0.654709 0.752318 0.661435 0.754525 0.665471 0.758499 0.668161 0.762914 0.66861 0.7766 0.665022 0.781898 0.661883 0.786313 0.655605 0.787638 0.647534 0.786755 0.636771 0.779691 0.629148 0.765563 0.629148 0.761589 0.633184
0 0.795585 0.650224 0.796026 0.66009 0.803091 0.664126 0.810155 0.663229 0.815011 0.659641 0.819868 0.650673 0.816777 0.64574 0.807947 0.641256 0.800442 0.643049
0 0.81457 0.672197 0.81457 0.678475 0.816777 0.68296 0.821192 0.686547 0.830905 0.687892 0.838411 0.686547 0.84415 0.68296 0.849007 0.673094 0.845033 0.663229 0.833996 0.659641 0.823841 0.660987
0 0.830464 0.645291 0.829581 0.647982 0.83223 0.65157 0.842826 0.654709 0.848565 0.649776 0.849448 0.640359 0.845475 0.635426 0.84106 0.634529
0 0.81766 0.633632 0.817219 0.637668 0.822075 0.639462 0.833996 0.630045 0.834437 0.626009 0.828698 0.623318 0.824283 0.624215
0 0.787638 0.616143 0.787196 0.623767 0.788962 0.629596 0.796468 0.633632 0.803974 0.633632 0.81457 0.626906 0.81766 0.617937 0.818102 0.609417 0.811038 0.603587 0.807064 0.602242 0.800442 0.603139 0.792936 0.606726
0 0.754967 0.604933 0.754967 0.613901 0.758499 0.618834 0.762472 0.620628 0.7766 0.619731 0.780574 0.61704 0.783664 0.609865 0.781898 0.600448 0.775717 0.595964 0.758499 0.600897
0 0.755408 0.571749 0.754084 0.580717 0.758499 0.590135 0.773068 0.588341 0.777483 0.585202 0.777483 0.574439 0.773068 0.569507 0.763797 0.567713 0.758499 0.56861
0 0.725386 0.557399 0.724945 0.561435 0.727152 0.567265 0.737748 0.571749 0.744812 0.571749 0.750993 0.566368 0.753201 0.561435 0.752759 0.557399 0.748344 0.550224 0.738631 0.546188 0.727594 0.552466
0 0.687859 0.533632 0.687859 0.541704 0.690949 0.553363 0.695806 0.557848 0.699338 0.558744 0.717439 0.55426 0.725386 0.547982 0.728918 0.541704 0.725828 0.523318 0.721854 0.519283 0.713907 0.515695 0.707285 0.515695 0.701987 0.517937 0.690949 0.528251
0 0.698896 0.567713 0.698013 0.574439 0.705519 0.584305 0.710817 0.585202 0.716556 0.581614 0.720088 0.571749 0.717439 0.564126 0.709492 0.56278
0 0.72362 0.584305 0.72362 0.591928 0.726711 0.593274 0.740397 0.588341 0.741722 0.584753 0.74128 0.581166 0.734658 0.57713 0.726711 0.579372
0 0.727152 0.60852 0.727152 0.616592 0.730243 0.618834 0.746137 0.616592 0.748786 0.611211 0.747903 0.599103 0.745254 0.597758 0.735982 0.599103
0 0.672406 0.632287 0.673289 0.641704 0.678587 0.647085 0.70287 0.652018 0.711258 0.651121 0.72053 0.640359 0.721854 0.634529 0.719205 0.62287 0.710375 0.615247 0.699779 0.612108 0.689625 0.615695 0.680353 0.621525 0.674614 0.626457
0 0.654305 0.593274 0.653863 0.602691 0.657837 0.610762 0.664018 0.616143 0.672406 0.618834 0.683885 0.613453 0.691832 0.606726 0.694481 0.602242 0.696689 0.591031 0.690949 0.578027 0.683444 0.574439 0.674614 0.573991 0.668874 0.578475 0.66181 0.581166
0 0.722737 0.676682 0.716998 0.689238 0.720088 0.694619 0.727152 0.698655 0.72936 0.702691 0.738631 0.706278 0.74702 0.703587 0.751435 0.699552 0.75585 0.682063 0.754967 0.674439 0.746137 0.669058 0.738631 0.668161
0 0.712583 0.655605 0.712141 0.661435 0.716115 0.666816 0.72053 0.669058 0.728477 0.66861 0.734216 0.665022 0.735982 0.661883 0.734216 0.655157 0.725386 0.647982 0.719647 0.64843
0 0.729801 0.635874 0.728918 0.640807 0.733333 0.647534 0.742163 0.647534 0.754967 0.634081 0.75585 0.626457 0.748786 0.623318 0.744371 0.623767 0.737307 0.626457 0.732009 0.630942
0 0.678587 0.675336 0.677704 0.679372 0.680353 0.684753 0.685651 0.690135 0.690066 0.690583 0.707285 0.68565 0.710817 0.680717 0.7117 0.672197 0.70596 0.661435 0.695806 0.657848 0.691391 0.659193 0.684768 0.670852
0 0.735541 0.713453 0.733775 0.71704 0.735099 0.724215 0.736865 0.728251 0.743929 0.734978 0.748786 0.734081 0.762472 0.71704 0.760265 0.709865 0.754967 0.706726 0.742605 0.70852
0 0.756291 0.733632 0.754967 0.744843 0.758499 0.750224 0.763797 0.752018 0.7766 0.75157 0.78234 0.74843 0.786313 0.743049 0.790287 0.734529 0.790728 0.727354 0.789404 0.723767 0.783664 0.718834 0.772185 0.718386 0.762472 0.723767 0.759382 0.73139
0 0.792053 0.743049 0.792494 0.752018 0.798234 0.754709 0.811038 0.746637 0.813245 0.741256 0.810596 0.736771 0.804857 0.735874 0.796468 0.739013
0 0.795585 0.717937 0.795143 0.724215 0.8 0.730942 0.810596 0.7287 0.81766 0.720179 0.817219 0.716592 0.810596 0.709865 0.8 0.713004
0 0.818102 0.695516 0.818543 0.702691 0.824724 0.715695 0.829139 0.715695 0.839294 0.710762 0.840618 0.701794 0.837969 0.696861 0.822958 0.693722
0 0.845916 0.709865 0.844592 0.717489 0.847682 0.721525 0.851656 0.723318 0.863135 0.721076 0.870199 0.711211 0.867991 0.706726 0.859161 0.704484 0.850773 0.705381
0 0.822958 0.729148 0.821634 0.733184 0.822517 0.741704 0.827815 0.747085 0.837969 0.746637 0.845475 0.743498 0.847682 0.740807 0.848124 0.736323 0.845916 0.730493 0.838411 0.722422 0.829581 0.723318 0.825607 0.725112
0 0.833113 0.763677 0.832671 0.772197 0.835762 0.776233 0.852097 0.778475 0.856071 0.77713 0.864901 0.769058 0.86755 0.761883 0.862693 0.752915 0.857837 0.749776 0.851656 0.74843 0.837528 0.756054
0 0.802649 0.758296 0.802208 0.761883 0.807064 0.767265 0.825166 0.766816 0.828256 0.759641 0.827815 0.755605 0.824283 0.750224 0.815453 0.747982 0.811921 0.749327
0 0.87638 0.754709 0.875938 0.760987 0.879029 0.766368 0.892715 0.770404 0.900662 0.768161 0.906843 0.759641 0.906843 0.754709 0.904194 0.747982 0.898455 0.743049 0.890508 0.742601 0.886093 0.744395
0 0.86755 0.77713 0.865784 0.78565 0.868874 0.788789 0.880353 0.792377 0.887417 0.790135 0.889625 0.786996 0.889625 0.778924 0.884327 0.774439 0.875938 0.7713 0.869757 0.773991
0 0.833554 0.791928 0.833113 0.801345 0.837969 0.808072 0.85298 0.804036 0.856954 0.800448 0.859603 0.793274 0.857395 0.788789 0.850773 0.784305 0.838411 0.78565
0 0.795585 0.780269 0.796026 0.792377 0.8 0.797309 0.802649 0.798206 0.822075 0.795964 0.825166 0.793274 0.829581 0.783857 0.828256 0.775336 0.823841 0.771749 0.818985 0.770404 0.802649 0.771749
0 0.799558 0.805381 0.799558 0.81435 0.804415 0.817937 0.824283 0.818834 0.829139 0.81435 0.829581 0.807175 0.826932 0.803139 0.8234 0.801345 0.806623 0.801345
0 0.768653 0.829596 0.769095 0.838117 0.774393 0.843049 0.780132 0.844395 0.78543 0.842152 0.79426 0.842601 0.798234 0.840359 0.801325 0.835426 0.802208 0.827354 0.801325 0.824215 0.796909 0.819731 0.783664 0.81704 0.775717 0.820179
0 0.806181 0.834529 0.80574 0.839013 0.807947 0.844843 0.816336 0.851121 0.822958 0.852915 0.827815 0.852018 0.833113 0.845291 0.833113 0.838117 0.829581 0.830942 0.821634 0.825112 0.810596 0.827354
0 0.834437 0.817489 0.833996 0.824664 0.842826 0.836771 0.848124 0.839013 0.852097 0.838565 0.860486 0.830942 0.862252 0.821973 0.859161 0.815695 0.847682 0.812108 0.838411 0.813453
0 0.871965 0.822422 0.872406 0.828251 0.880353 0.833632 0.890508 0.832735 0.894923 0.824664 0.893157 0.816592 0.883885 0.812556 0.877704 0.815247
0 0.862693 0.805381 0.862693 0.810314 0.865342 0.813453 0.87064 0.812556 0.874614 0.807175 0.874614 0.803587 0.87064 0.800897 0.865342 0.800897
0 0.881236 0.799552 0.880795 0.803587 0.883002 0.80583 0.89404 0.806726 0.89404 0.8 0.890949 0.796861
0 0.898896 0.806726 0.899779 0.814798 0.90287 0.818386 0.908168 0.819283 0.9117 0.81704 0.913466 0.808969 0.911258 0.804933 0.903311 0.803587
0 0.898455 0.785202 0.898013 0.795067 0.899338 0.797309 0.905077 0.798655 0.911258 0.794619 0.913024 0.789238 0.907285 0.782511 0.901104 0.780717
0 0.836645 0.847982 0.836203 0.853812 0.838852 0.858296 0.844592 0.858744 0.850331 0.855605 0.851214 0.850673 0.849448 0.847534 0.840177 0.84574
0 0.819868 0.86009 0.818543 0.86278 0.819426 0.8713 0.827373 0.877578 0.833996 0.877578 0.835762 0.869058 0.832671 0.860987 0.828256 0.857848
0 0.842384 0.875785 0.841501 0.880717 0.843267 0.886996 0.857837 0.887892 0.866667 0.886099 0.871082 0.883408 0.873289 0.8713 0.870199 0.865471 0.865342 0.86278 0.857837 0.862332 0.849007 0.865919
0 0.843267 0.900897 0.843267 0.908072 0.852097 0.915247 0.871965 0.909865 0.874172 0.907623 0.872406 0.899103 0.869316 0.896413 0.862252 0.894619 0.848565 0.896413
0 0.877704 0.884305 0.878587 0.894619 0.883444 0.899552 0.89713 0.899103 0.903311 0.893722 0.903753 0.886996 0.901987 0.882511 0.898455 0.878475 0.893598 0.876233 0.883444 0.878027
0 0.856954 0.924664 0.856954 0.932287 0.862693 0.936771 0.873289 0.938117 0.878587 0.935426 0.880353 0.932735 0.880795 0.9287 0.878587 0.921525 0.872848 0.91704 0.866225 0.917489 0.860927 0.920179
0 0.886976 0.933184 0.886534 0.941256 0.890508 0.947085 0.90596 0.949327 0.911258 0.94574 0.912141 0.932287 0.907726 0.927354 0.901987 0.925561 0.89404 0.926906 0.890066 0.9287
0 0.883444 0.909417 0.882561 0.915247 0.886534 0.919731 0.89404 0.920179 0.900662 0.91704 0.900221 0.911211 0.894481 0.907175 0.890066 0.906726
0 0.909492 0.915695 0.909492 0.921076 0.91479 0.924215 0.921413 0.918386 0.920088 0.91435 0.917439 0.912556 0.91479 0.912108
0 0.904636 0.900897 0.903311 0.903587 0.904636 0.90852 0.910375 0.90852 0.914349 0.904933 0.913024 0.9 0.910817 0.898206 0.907726 0.897758
0 0.912141 0.889238 0.9117 0.893722 0.917439 0.897758 0.926269 0.895067 0.92936 0.891031 0.927152 0.886099 0.921413 0.884305 0.917439 0.884305
0 0.906843 0.871749 0.906843 0.878924 0.9117 0.882063 0.921413 0.876233 0.922737 0.865919 0.920088 0.86278 0.912141 0.862332 0.909492 0.864574
0 0.87947 0.860987 0.880353 0.865471 0.887859 0.869955 0.898013 0.869058 0.901545 0.86278 0.900662 0.858744 0.898013 0.856054 0.891832 0.853812 0.88521 0.855157
0 0.860486 0.841704 0.858278 0.845291 0.858278 0.852018 0.863135 0.856054 0.870199 0.856502 0.876821 0.85426 0.881678 0.847534 0.879912 0.841704 0.873289 0.83722 0.866667 0.837668
0 0.810596 0.92287 0.810596 0.932287 0.813687 0.938565 0.8234 0.947982 0.826932 0.949327 0.834879 0.94843 0.842826 0.943946 0.847241 0.93991 0.849007 0.935426 0.849448 0.927803 0.847682 0.921973 0.842826 0.914798 0.837528 0.910762 0.826932 0.909865 0.822075 0.911211 0.815453 0.914798
0 0.766004 0.923767 0.766004 0.9287 0.768212 0.933632 0.779691 0.946188 0.79117 0.950673 0.796468 0.950224 0.801766 0.946188 0.803974 0.933632 0.803091 0.920179 0.800442 0.913901 0.796468 0.911659 0.789845 0.911659 0.771302 0.919731
0 0.749669 0.897309 0.750993 0.90583 0.75894 0.915247 0.76468 0.917937 0.772185 0.916592 0.781015 0.912108 0.788521 0.906278 0.790728 0.901345 0.790728 0.897309 0.788521 0.893274 0.779249 0.887444 0.768653 0.887892 0.752759 0.893722
0 0.78234 0.86278 0.781457 0.875785 0.788521 0.884305 0.796909 0.886099 0.807506 0.882511 0.811479 0.879372 0.813687 0.873543 0.812362 0.863229 0.810155 0.858744 0.804857 0.85426 0.800442 0.852018 0.792936 0.852915 0.786755 0.855605
0 0.735099 0.856502 0.733333 0.869507 0.735982 0.879372 0.740839 0.886099 0.754967 0.889686 0.769536 0.884753 0.776159 0.878475 0.777925 0.855605 0.774393 0.851121 0.769095 0.847982 0.759823 0.844395 0.751876 0.84574 0.73819 0.852466
0 0.830022 0.970852 0.829139 0.97713 0.84415 0.98565 0.851214 0.985202 0.857395 0.982511 0.862252 0.973543 0.859161 0.966368 0.849448 0.961435 0.834879 0.965022
0 0.798675 0.952915 0.796468 0.957399 0.799558 0.969955 0.807064 0.97713 0.818102 0.976233 0.824724 0.971749 0.828256 0.964126 0.828256 0.958744 0.824283 0.953363 0.81457 0.950224 0.80574 0.950224
0 0.799558 0.995516 0.799117 0.999552 0.840618 0.999552 0.840618 0.991928 0.838411 0.987444 0.828256 0.982511 0.81766 0.980269 0.810596 0.981166 0.806623 0.983857
0 0.851214 0.993722 0.850773 0.999552 0.877704 0.999552 0.873289 0.992825 0.867108 0.989686 0.857837 0.990135
0 0.869316 0.973991 0.868874 0.97713 0.879912 0.988789 0.883885 0.988789 0.890508 0.985202 0.896247 0.97713 0.894481 0.969955 0.8883 0.965919 0.883444 0.966816 0.877263 0.973543
0 0.855188 0.947982 0.855629 0.955157 0.862252 0.961435 0.869316 0.956951 0.876821 0.956502 0.879912 0.953812 0.879912 0.94843 0.878146 0.94574 0.873731 0.943946 0.862693 0.943498
0 0.905077 0.959641 0.904636 0.966816 0.907285 0.970852 0.917881 0.967713 0.922296 0.960538 0.919205 0.956502 0.913907 0.954709 0.907726 0.955605
0 0.756733 0.547085 0.756733 0.554709 0.75894 0.558296 0.770861 0.559641 0.781898 0.551121 0.784106 0.542601 0.776159 0.535874 0.766887 0.534978 0.763355 0.53722
0 0.783223 0.560538 0.782781 0.565471 0.784989 0.569507 0.8 0.573094 0.807947 0.56009 0.80883 0.552466 0.803974 0.547982 0.792936 0.547982 0.788962 0.550673
0 0.735541 0.529596 0.735982 0.537668 0.740839 0.541704 0.747903 0.542601 0.753642 0.539462 0.760265 0.530942 0.760706 0.527803 0.754967 0.518834 0.747461 0.51704 0.743046 0.519731
0 0.770419 0.513901 0.768653 0.520628 0.778808 0.529596 0.782781 0.529148 0.790728 0.518834 0.790728 0.515695 0.783223 0.509865 0.778366 0.509865 0.775717 0.508072
0 0.788079 0.532287 0.787638 0.536323 0.790728 0.541256 0.801766 0.541256 0.806623 0.536323 0.805298 0.526009 0.803532 0.523318 0.8 0.521973 0.793819 0.524215
0 0.81457 0.588341 0.814128 0.59417 0.815894 0.599552 0.822075 0.602691 0.83223 0.599103 0.836645 0.592377 0.833554 0.585202 0.827815 0.581614 0.821192 0.58296
0 0.78543 0.589238 0.78543 0.59417 0.789404 0.598206 0.797351 0.598655 0.803974 0.596861 0.806623 0.591928 0.804415 0.585202 0.798675 0.581166 0.792494 0.582511
0 0.825166 0.609865 0.825166 0.614798 0.834879 0.619731 0.837969 0.619283 0.841943 0.612556 0.839294 0.604933 0.83532 0.603139
0 0.930684 0.852466 0.927594 0.855605 0.92936 0.863677 0.934658 0.867713 0.942605 0.867713 0.945695 0.862332 0.943046 0.849776 0.939073 0.84843
0 0.899779 0.829148 0.899779 0.834978 0.903753 0.839462 0.911258 0.838565 0.914349 0.834978 0.912583 0.827354 0.908609 0.824215 0.903311 0.824664
0 0.908168 0.846637 0.907726 0.852915 0.909934 0.857848 0.913907 0.858296 0.921413 0.855605 0.919647 0.848879 0.917439 0.847085 0.912141 0.844843
0 0.803091 0.895067 0.801325 0.896861 0.802208 0.904933 0.807064 0.909417 0.812362 0.909865 0.829581 0.904484 0.833996 0.900448 0.835762 0.892825 0.831347 0.886099 0.8234 0.88565 0.810596 0.889686
0 0.853422 0.655605 0.853863 0.662332 0.866225 0.662332 0.872406 0.658744 0.873289 0.650224 0.869757 0.646188 0.86181 0.646188 0.855188 0.651121
0 0.843267 0.621525 0.842384 0.626906 0.848124 0.630493 0.854746 0.6287 0.858278 0.623767 0.855629 0.618834 0.849448 0.61704 0.844592 0.618834
0 0.864018 0.613004 0.864459 0.619283 0.868874 0.622422 0.875055 0.621525 0.878146 0.616143 0.877704 0.612556 0.874172 0.610762 0.868433 0.610762
0 0.84415 0.598655 0.843709 0.602242 0.847241 0.608072 0.852539 0.611211 0.859161 0.611659 0.859161 0.604933 0.855629 0.596861 0.848565 0.595964
0 0.831347 0.563677 0.830905 0.571749 0.834437 0.578475 0.839294 0.579821 0.845916 0.576682 0.848124 0.566816 0.84415 0.558744 0.841943 0.556951 0.837086 0.556951 0.833554 0.559193
0 0.853863 0.570404 0.854746 0.578475 0.85872 0.582063 0.866225 0.581614 0.868874 0.578027 0.868874 0.573991 0.865784 0.569507 0.85872 0.567265
0 0.841501 0.583857 0.84106 0.588341 0.84415 0.591928 0.849007 0.591928 0.852097 0.588789 0.852539 0.584305 0.849007 0.581614
0 0.818985 0.554709 0.818102 0.559641 0.820751 0.563677 0.825166 0.563229 0.829139 0.56009 0.830022 0.555605 0.828256 0.552018 0.8234 0.552018
0 0.833554 0.541704 0.833113 0.546637 0.834879 0.550224 0.845475 0.550673 0.848565 0.547085 0.847682 0.541256 0.843267 0.538117 0.837969 0.537668
0 0.850773 0.549327 0.849448 0.550673 0.849448 0.556951 0.852539 0.562332 0.856512 0.564574 0.860927 0.56009 0.860927 0.55426 0.856071 0.548879
0 0.811038 0.539013 0.810596 0.543049 0.814128 0.547982 0.822075 0.54843 0.828256 0.546188 0.830905 0.53991 0.830905 0.534978 0.827815 0.53139 0.822517 0.531839 0.81457 0.534978
0 0.815011 0.521973 0.813687 0.526457 0.816777 0.529596 0.824283 0.5287 0.82649 0.526009 0.821192 0.518386 0.817219 0.519283
0 0.818102 0.502691 0.817219 0.508969 0.821634 0.51435 0.828256 0.51435 0.832671 0.508969 0.83223 0.502242 0.827815 0.498655 0.821192 0.498655
0 0.797351 0.505381 0.796026 0.51435 0.8 0.517489 0.804857 0.516143 0.811038 0.50852 0.810155 0.504933 0.803532 0.500448 0.8 0.501345
0 0.778808 0.5 0.778366 0.501794 0.781898 0.505381 0.789845 0.507623 0.797351 0.498206 0.796468 0.494619 0.792494 0.492377
0 0.804857 0.492377 0.804857 0.495964 0.811038 0.499103 0.815894 0.495067 0.816777 0.490583 0.815453 0.488341 0.811479 0.487892 0.806623 0.489686
0 0.772185 0.476682 0.772627 0.484753 0.775717 0.489238 0.779249 0.490583 0.790287 0.486996 0.79426 0.481166 0.791611 0.473094 0.78543 0.467713 0.777483 0.46861
0 0.752318 0.497758 0.751876 0.505381 0.758499 0.511211 0.762472 0.511659 0.766446 0.509865 0.772185 0.502242 0.770419 0.493722 0.765563 0.489686 0.758499 0.490583
0 0.733333 0.486099 0.733333 0.491031 0.740839 0.497758 0.743929 0.498655 0.749669 0.495516 0.754084 0.487892 0.752759 0.481166 0.745695 0.476233 0.737307 0.480269
0 0.727152 0.504933 0.725386 0.50852 0.725828 0.512556 0.730684 0.517937 0.738631 0.516592 0.743488 0.513453 0.746137 0.508969 0.744371 0.504484 0.735099 0.500897 0.731126 0.501345
0 0.701545 0.494619 0.700662 0.502242 0.705077 0.508969 0.710375 0.509865 0.720088 0.508072 0.724062 0.504933 0.725386 0.500897 0.726711 0.487444 0.720088 0.480717 0.712583 0.481166 0.70596 0.48565
0 0.671965 0.476682 0.671082 0.488341 0.674172 0.493274 0.680353 0.496413 0.692274 0.494619 0.698455 0.486099 0.701104 0.478027 0.698455 0.46861 0.689183 0.465471 0.682119 0.467265 0.675055 0.471749
0 0.642826 0.472646 0.641501 0.480717 0.644592 0.484753 0.650331 0.487892 0.657837 0.487892 0.663135 0.485202 0.665784 0.481614 0.666225 0.473094 0.664901 0.469058 0.660927 0.465919 0.654305 0.465022 0.649007 0.466368
0 0.651214 0.500897 0.650331 0.509417 0.653422 0.513453 0.657837 0.515247 0.666225 0.508969 0.668874 0.503139 0.668874 0.496861 0.666667 0.493274 0.660927 0.492377 0.655629 0.494619
0 0.676821 0.508072 0.675055 0.516143 0.678587 0.523318 0.682561 0.523318 0.688742 0.520179 0.694923 0.512108 0.693157 0.507175 0.685651 0.502242 0.680353 0.503587
0 0.686534 0.447085 0.687417 0.456054 0.698455 0.460538 0.704636 0.459193 0.709051 0.45426 0.710375 0.449327 0.707285 0.442601 0.700662 0.438565 0.692274 0.43991 0.688742 0.442601
0 0.704636 0.465919 0.704194 0.470852 0.707285 0.474888 0.713466 0.476233 0.720971 0.473543 0.721413 0.467265 0.715232 0.460538 0.709492 0.461435
0 0.716998 0.449776 0.716556 0.456502 0.72053 0.459641 0.730243 0.456951 0.734658 0.449327 0.733333 0.44574 0.72936 0.444395
0 0.728918 0.463677 0.728477 0.467713 0.734216 0.4713 0.741722 0.472646 0.745254 0.470404 0.743929 0.464126 0.73819 0.459641
0 0.738631 0.449327 0.737748 0.452915 0.740839 0.458744 0.747903 0.460538 0.75011 0.458296 0.752759 0.448879 0.749227 0.445291 0.744371 0.444843
0 0.749227 0.461883 0.749669 0.469058 0.753201 0.474439 0.758499 0.478475 0.765121 0.476682 0.771744 0.465022 0.769978 0.457848 0.766004 0.454709 0.756291 0.455157
0 0.773951 0.45157 0.77351 0.456054 0.776159 0.461435 0.784989 0.461883 0.790287 0.456951 0.789845 0.452915 0.781898 0.447534 0.778366 0.447534
0 0.755408 0.433632 0.754967 0.439013 0.75894 0.449327 0.768212 0.448879 0.77351 0.444843 0.774393 0.439013 0.768653 0.432287 0.763797 0.430045 0.758499 0.430045
0 0.734658 0.431839 0.735099 0.439013 0.737748 0.441256 0.746137 0.43991 0.749669 0.436771 0.750993 0.432735 0.748344 0.426457 0.741722 0.425112 0.737748 0.426906
0 0.711258 0.4287 0.710817 0.439013 0.714349 0.442601 0.723179 0.440807 0.729801 0.435426 0.730243 0.430493 0.727152 0.425561 0.717881 0.424664
0 0.732892 0.411211 0.729801 0.420179 0.730684 0.422422 0.735099 0.423767 0.738631 0.421525 0.739514 0.417937 0.734216 0.410314
0 0.712583 0.413453 0.712583 0.41704 0.715673 0.421076 0.722737 0.421076 0.727152 0.418386 0.728918 0.410762 0.724945 0.406278 0.719647 0.406278 0.716556 0.407623
0 0.69713 0.403587 0.696689 0.409417 0.699779 0.413453 0.707726 0.41435 0.709051 0.413004 0.711258 0.408072 0.709051 0.401794 0.70287 0.4
0 0.679912 0.414798 0.679029 0.418386 0.680795 0.420628 0.689183 0.423318 0.691832 0.421076 0.69404 0.41435 0.692274 0.410762 0.68521 0.409865 0.682561 0.410762
0 0.665784 0.453363 0.664459 0.460538 0.667991 0.465471 0.675055 0.464126 0.681236 0.459641 0.680795 0.453812 0.67638 0.449776 0.668874 0.450224
0 0.645475 0.450224 0.645475 0.456054 0.647241 0.457848 0.654746 0.458296 0.65872 0.456054 0.661369 0.447534 0.659603 0.444843 0.656512 0.444395 0.647682 0.447085
0 0.602649 0.462332 0.602208 0.469507 0.605298 0.476233 0.615011 0.480269 0.623841 0.480269 0.630022 0.478027 0.634879 0.473991 0.639294 0.466816 0.640618 0.459641 0.637969 0.452018 0.63532 0.449327 0.622517 0.444395 0.615894 0.445291 0.606623 0.450224
0 0.632671 0.430942 0.632671 0.438565 0.637086 0.443049 0.64415 0.443049 0.655188 0.434529 0.656512 0.431839 0.656071 0.425112 0.650331 0.420628 0.642384 0.420628 0.635762 0.425561
0 0.596026 0.418386 0.595585 0.425112 0.599117 0.431839 0.599117 0.437668 0.603091 0.441704 0.622075 0.438117 0.629581 0.425112 0.629581 0.417937 0.625166 0.411211 0.612804 0.406278 0.601766 0.410314
0 0.633113 0.403139 0.632671 0.411211 0.636645 0.41435 0.644592 0.414798 0.651214 0.411211 0.652097 0.401345 0.648565 0.395964 0.638411 0.395964
0 0.657395 0.409865 0.657395 0.418834 0.664901 0.423318 0.672848 0.419283 0.676821 0.412556 0.676821 0.406726 0.671965 0.402242 0.66181 0.402691 0.659161 0.404933
0 0.65298 0.382063 0.652539 0.390583 0.657395 0.395067 0.666667 0.39417 0.671082 0.387444 0.670199 0.379372 0.664901 0.374888 0.657395 0.376682
0 0.673731 0.389238 0.674172 0.394619 0.679029 0.395067 0.681236 0.393274 0.681678 0.386996 0.679029 0.385202
0 0.681678 0.397309 0.681236 0.400897 0.684768 0.404933 0.691832 0.404933 0.695364 0.401345 0.694923 0.395516 0.692274 0.392377 0.685651 0.392825
0 0.698896 0.386996 0.699779 0.394619 0.704636 0.395964 0.708609 0.393274 0.709492 0.390135 0.706402 0.38565 0.701545 0.385202
0 0.888742 0.686099 0.888742 0.69148 0.893598 0.696413 0.900662 0.696413 0.905077 0.692377 0.905077 0.685202 0.901104 0.680269 0.893598 0.680269
0 0.847682 0.689238 0.847682 0.695516 0.855188 0.696861 0.860486 0.695067 0.863576 0.688341 0.860486 0.684305 0.854746 0.683857
0 0.874614 0.666368 0.873731 0.669507 0.87638 0.673543 0.88521 0.671749 0.885651 0.667713 0.883444 0.663677 0.879029 0.66278
0 0.868433 0.69417 0.869316 0.699552 0.872848 0.701794 0.879912 0.700897 0.882561 0.695964 0.879912 0.691928
0 0.870199 0.680717 0.869757 0.686547 0.879912 0.687892 0.882119 0.68565 0.882119 0.682063 0.879029 0.679372
0 0.859603 0.6713 0.856071 0.671749 0.857395 0.678475 0.866225 0.679372 0.869316 0.675785 0.86755 0.6713
0 0.879029 0.719731 0.877704 0.724215 0.881678 0.727354 0.886976 0.726457 0.890508 0.720628 0.887417 0.715247 0.883444 0.715695
0 0.583664 0.601794 0.584547 0.616592 0.592936 0.627354 0.607064 0.630045 0.614128 0.628251 0.618543 0.623767 0.620751 0.612556 0.616336 0.606278 0.617219 0.598206 0.615011 0.59417 0.597792 0.591928 0.585872 0.598206
0 0.626932 0.623318 0.622075 0.633184 0.622075 0.637668 0.62649 0.646637 0.633554 0.652466 0.646358 0.652466 0.65872 0.645291 0.664901 0.63722 0.665342 0.627354 0.662693 0.621973 0.656071 0.614798 0.647241 0.610762 0.64106 0.610762 0.633113 0.614798
0 0.589404 0.564126 0.588962 0.569955 0.59117 0.576233 0.601325 0.584753 0.609272 0.583857 0.618543 0.579372 0.624283 0.574439 0.626932 0.567713 0.62649 0.560538 0.623841 0.559193 0.620751 0.553363 0.613245 0.550224 0.603532 0.550673 0.599117 0.552466 0.59117 0.559641
0 0.619868 0.536323 0.621192 0.544843 0.629581 0.555157 0.633113 0.557399 0.640177 0.556951 0.646799 0.552466 0.654746 0.542152 0.65872 0.530942 0.657837 0.522422 0.648565 0.517937 0.633554 0.520179 0.625166 0.525561
0 0.61766 0.497758 0.61766 0.504036 0.621192 0.512108 0.626932 0.515695 0.640618 0.513004 0.645033 0.509417 0.647241 0.504484 0.647241 0.497309 0.644592 0.490583 0.636645 0.48565 0.633554 0.48565 0.621634 0.492825
0 0.574393 0.529596 0.57351 0.532735 0.575276 0.543049 0.58234 0.55157 0.588079 0.552466 0.592494 0.551121 0.601325 0.544843 0.604415 0.53991 0.602208 0.529596 0.599117 0.524664 0.595585 0.522422 0.581457 0.522422
0 0.539514 0.501345 0.539073 0.50852 0.542605 0.519283 0.546137 0.524215 0.550993 0.526457 0.558499 0.527354 0.562914 0.526009 0.568653 0.521525 0.572185 0.515247 0.572627 0.504933 0.56777 0.488789 0.546578 0.490583 0.540839 0.496861
0 0.600442 0.517489 0.601766 0.525561 0.609272 0.536323 0.616777 0.534081 0.622958 0.52287 0.622075 0.517489 0.615453 0.509865 0.604857 0.513004
0 0.566887 0.450224 0.566446 0.46009 0.573068 0.473991 0.578808 0.478027 0.584547 0.478475 0.592936 0.4713 0.598675 0.463677 0.601766 0.453812 0.601325 0.449327 0.597792 0.443946 0.591611 0.437668 0.58543 0.434978 0.574393 0.438117 0.570861 0.441704
0 0.513024 0.418834 0.512583 0.424215 0.514349 0.429148 0.527152 0.443946 0.535541 0.447085 0.540397 0.447085 0.544812 0.443946 0.550552 0.435426 0.552318 0.427803 0.551435 0.419283 0.546578 0.412556 0.540839 0.409865 0.528918 0.408072 0.519205 0.412556
0 0.498013 0.386099 0.498013 0.398655 0.501104 0.404036 0.508168 0.408969 0.515673 0.408969 0.52362 0.40583 0.529801 0.397309 0.529801 0.383857 0.518764 0.376682 0.508609 0.378027
0 0.535099 0.386547 0.535541 0.397309 0.544812 0.407623 0.550993 0.40852 0.561148 0.400897 0.562914 0.394619 0.562472 0.387444 0.561589 0.383408 0.558057 0.379821 0.549227 0.377578 0.537748 0.38296
0 0.557616 0.414798 0.558499 0.425112 0.560706 0.428251 0.56777 0.431839 0.574393 0.432735 0.578366 0.43139 0.583664 0.427803 0.585872 0.422422 0.585872 0.411211 0.583223 0.407623 0.575276 0.404036 0.567329 0.404933
0 0.588962 0.388341 0.588521 0.397309 0.591611 0.404484 0.603532 0.403139 0.609713 0.398655 0.611038 0.386547 0.60574 0.380269 0.599117 0.379821 0.591611 0.384305
0 0.568212 0.381166 0.566446 0.383408 0.566446 0.387444 0.569536 0.395516 0.573951 0.398206 0.578366 0.397309 0.581457 0.393274 0.583664 0.383857 0.582781 0.379821 0.575276 0.37713
0 0.554084 0.359193 0.553201 0.363229 0.554525 0.366368 0.561148 0.372197 0.568653 0.373094 0.57351 0.370852 0.575276 0.368161 0.575276 0.355157 0.571302 0.352466 0.563355 0.352018 0.556733 0.355157
0 0.526269 0.362332 0.525828 0.370404 0.532009 0.37713 0.545254 0.373094 0.547903 0.369507 0.546578 0.361435 0.539956 0.356054 0.53245 0.355605 0.528477 0.357848
0 0.524062 0.339013 0.524945 0.346637 0.528918 0.348879 0.532892 0.348879 0.539956 0.346637 0.543046 0.338565 0.538631 0.329596 0.532892 0.329148 0.527594 0.332735
0 0.544812 0.319731 0.544371 0.325561 0.54702 0.33139 0.553201 0.335426 0.558499 0.332735 0.565563 0.324664 0.564238 0.318386 0.559823 0.313901 0.549669 0.31435 0.546578 0.316143
0 0.561589 0.337668 0.562031 0.344395 0.567329 0.347085 0.573951 0.346637 0.578808 0.338565 0.577925 0.334978 0.574834 0.332735 0.565121 0.334529
0 0.544812 0.345291 0.544812 0.352466 0.55011 0.354709 0.554967 0.352018 0.557616 0.343946 0.554525 0.339013 0.55011 0.338565
0 0.578808 0.345291 0.577483 0.349776 0.581015 0.35426 0.585872 0.354709 0.590287 0.352018 0.590728 0.347534 0.588521 0.342152 0.581457 0.341704
0 0.581898 0.364574 0.581457 0.369955 0.584106 0.374439 0.588521 0.375785 0.596909 0.373094 0.597792 0.362332 0.594702 0.357399 0.588079 0.356502 0.583664 0.359641
0 0.596909 0.338117 0.594702 0.341704 0.596468 0.352915 0.604415 0.355605 0.609272 0.35426 0.611038 0.349776 0.609713 0.337668 0.60574 0.334978 0.601766 0.334978
0 0.583223 0.327803 0.58234 0.334978 0.584106 0.33722 0.589845 0.339013 0.595143 0.334978 0.596026 0.330493 0.592053 0.324664 0.588079 0.324215
0 0.568653 0.317937 0.569536 0.324215 0.577925 0.327803 0.58234 0.325112 0.584547 0.317489 0.58234 0.313901 0.573951 0.312108 0.569978 0.31435
0 0.530243 0.31704 0.529801 0.321973 0.532009 0.326009 0.537748 0.326906 0.539956 0.325561 0.542163 0.318386 0.540839 0.312556 0.535982 0.312108
0 0.540397 0.295964 0.54128 0.30583 0.543488 0.308969 0.546137 0.309417 0.553201 0.308072 0.559382 0.298206 0.55894 0.293274 0.550552 0.288789 0.543046 0.290583
0 0.576159 0.302242 0.576159 0.304484 0.579249 0.307623 0.584106 0.309417 0.588521 0.308969 0.591611 0.304036 0.589845 0.298206 0.58543 0.295067 0.579249 0.296861
0 0.6 0.319731 0.598675 0.327803 0.603091 0.330045 0.611038 0.329148 0.615011 0.322422 0.613245 0.31704 0.609713 0.314798 0.604857 0.314798
0 0.633554 0.341256 0.633113 0.345291 0.636203 0.349327 0.640618 0.35157 0.645475 0.351121 0.651214 0.345291 0.650331 0.340359 0.64415 0.335874 0.637528 0.336323
0 0.654746 0.344395 0.654305 0.348879 0.657395 0.353363 0.665342 0.355157 0.667991 0.352915 0.667991 0.347982 0.664459 0.343049 0.657837 0.342152
0 0.660927 0.361435 0.660486 0.366816 0.664901 0.369955 0.67064 0.369955 0.674614 0.366368 0.674172 0.36278 0.667991 0.358296
0 0.626932 0.356502 0.624283 0.361883 0.62649 0.367713 0.633554 0.369058 0.638852 0.366368 0.640618 0.359193 0.638411 0.355157 0.63223 0.353363
0 0.614128 0.375336 0.613687 0.381614 0.616777 0.384753 0.623841 0.384753 0.627815 0.380269 0.627815 0.375785 0.625607 0.373094 0.619426 0.372197
0 0.615894 0.392825 0.616336 0.399103 0.622958 0.401345 0.630464 0.396861 0.631347 0.390583 0.62649 0.387444 0.621192 0.387892 0.618543 0.388789
0 0.672848 0.371749 0.672406 0.374888 0.675055 0.381166 0.678587 0.382511 0.685651 0.377578 0.6883 0.373094 0.682119 0.366816 0.675938 0.367265
0 0.524503 0.264126 0.525386 0.271749 0.532009 0.276682 0.539073 0.275785 0.543488 0.269058 0.541722 0.26278 0.536865 0.259193 0.532892 0.258296 0.528918 0.259641
0 0.543046 0.277578 0.543046 0.280717 0.546137 0.284305 0.553201 0.283408 0.555408 0.278924 0.553642 0.272197 0.550552 0.2713 0.546137 0.271749
0 0.520971 0.296861 0.518764 0.303139 0.518764 0.310762 0.524945 0.313453 0.53245 0.311659 0.535541 0.30583 0.534216 0.298655 0.529801 0.295067
0 0.507285 0.321973 0.507285 0.330493 0.510817 0.333632 0.518764 0.334081 0.524945 0.327803 0.525828 0.321076 0.520971 0.317937 0.513907 0.318386
0 0.499338 0.272197 0.498896 0.275785 0.50287 0.280269 0.508168 0.281166 0.509934 0.279372 0.510817 0.274439 0.508168 0.269955 0.504636 0.269058
0 0.5117 0.28296 0.512141 0.290135 0.518764 0.293722 0.524945 0.287892 0.526711 0.281166 0.522296 0.275336 0.518764 0.275336 0.513024 0.278924
0 0.530684 0.281166 0.530684 0.291031 0.53245 0.292377 0.539073 0.29148 0.540839 0.288789 0.539956 0.281614 0.533775 0.279372
0 0.565121 0.29148 0.566004 0.296413 0.570861 0.298655 0.576159 0.293722 0.574393 0.286996 0.568653 0.287444
0 0.611038 0.893274 0.611479 0.908969 0.615453 0.917937 0.6234 0.925112 0.629581 0.926906 0.642826 0.925561 0.655629 0.917937 0.65872 0.910762 0.659603 0.9 0.655188 0.886996 0.651214 0.883408 0.636645 0.877578 0.622517 0.87713 0.615894 0.881166
0 0.681678 0.844843 0.681678 0.852466 0.684768 0.859193 0.688742 0.863677 0.695806 0.866816 0.710817 0.866816 0.715232 0.865022 0.719647 0.861883 0.724503 0.852466 0.724503 0.845291 0.720088 0.835874 0.713024 0.829148 0.707285 0.827354 0.695364 0.829148 0.690066 0.831839 0.684768 0.837668
0 0.658278 0.738565 0.658278 0.74843 0.660927 0.755157 0.665342 0.760538 0.671965 0.764126 0.687417 0.764126 0.695806 0.761883 0.699779 0.758296 0.703311 0.751121 0.703311 0.745291 0.696689 0.730493 0.694481 0.727354 0.683444 0.720179 0.665784 0.723767 0.66181 0.728251
0 0.56468 0.977578 0.564238 0.99148 0.56777 0.996861 0.571744 0.997758 0.572185 0.999552 0.575717 0.999552 0.576159 0.997758 0.581457 0.996861 0.586755 0.991928 0.588079 0.988341 0.587638 0.973991 0.584989 0.9713 0.571744 0.9713 0.567329 0.973094
0 0.569095 0.946637 0.566446 0.949327 0.566446 0.957848 0.570419 0.965471 0.581457 0.965471 0.586313 0.963229 0.588079 0.955605 0.587196 0.949327 0.584547 0.944843 0.577483 0.943498
0 0.552759 0.910762 0.553642 0.925112 0.558057 0.933184 0.563797 0.938117 0.573068 0.939462 0.580132 0.93722 0.589404 0.927803 0.59117 0.917937 0.588521 0.910762 0.584547 0.907175 0.57351 0.906278 0.563355 0.902691 0.55585 0.906726
0 0.546137 0.883408 0.546578 0.893274 0.550552 0.900448 0.560706 0.900897 0.566004 0.898206 0.572627 0.890583 0.568653 0.878475 0.564238 0.875336 0.55585 0.876233 0.549669 0.879372
0 0.57351 0.873094 0.573068 0.877578 0.575276 0.883857 0.577925 0.887444 0.581898 0.889238 0.592936 0.886547 0.598234 0.880269 0.597792 0.869507 0.592494 0.865471 0.581015 0.865919
0 0.542605 0.861883 0.541722 0.869507 0.546578 0.874888 0.554084 0.8713 0.558057 0.866816 0.557174 0.860538 0.551876 0.858296
0 0.53245 0.839462 0.53245 0.849327 0.537748 0.855605 0.545695 0.856054 0.552759 0.853363 0.556291 0.849327 0.557174 0.844843 0.554084 0.834529 0.550552 0.832287 0.537307 0.835426
0 0.524062 0.813453 0.521854 0.81704 0.523179 0.824664 0.524503 0.827803 0.52936 0.83139 0.545695 0.830045 0.550993 0.824664 0.548786 0.812108 0.546137 0.808969 0.539073 0.805381 0.535541 0.804933
0 0.511258 0.795964 0.5117 0.803139 0.517881 0.809417 0.526711 0.806726 0.535099 0.798206 0.532892 0.790583 0.526269 0.784305 0.522296 0.784305 0.515673 0.788789
0 0.499779 0.779372 0.499779 0.786099 0.505077 0.79417 0.508609 0.793722 0.519647 0.780269 0.515673 0.774888 0.509492 0.772197 0.504194 0.773094
0 0.487417 0.767265 0.486976 0.772646 0.489625 0.77713 0.49404 0.780269 0.495806 0.779821 0.500662 0.772646 0.500221 0.765022 0.49404 0.76278
0 0.475938 0.749327 0.475938 0.756502 0.480353 0.761883 0.484327 0.762332 0.488742 0.759641 0.491832 0.755157 0.490949 0.748879 0.483885 0.744395 0.47947 0.74574
0 0.469757 0.73722 0.473289 0.745291 0.480353 0.743049 0.483002 0.737668 0.480795 0.734081 0.477263 0.733184
0 0.456512 0.719283 0.456071 0.723767 0.457837 0.727354 0.463135 0.73139 0.469757 0.730045 0.47638 0.723767 0.475938 0.720179 0.467108 0.71435 0.459603 0.715247
0 0.421192 0.180717 0.421634 0.184305 0.427373 0.191031 0.436645 0.19417 0.440618 0.19148 0.445916 0.178475 0.439294 0.171749 0.429139 0.169058
0 0.646799 0.356502 0.645475 0.36009 0.647241 0.363677 0.654305 0.366816 0.656512 0.363229 0.656071 0.357399 0.652097 0.353812
0 0.616777 0.34843 0.617219 0.353363 0.622958 0.353363 0.627815 0.348879 0.628698 0.345291 0.6234 0.340807 0.620309 0.341256 0.618102 0.343049
0 0.622075 0.668161 0.622075 0.676682 0.624283 0.682063 0.630464 0.688789 0.642826 0.69148 0.647241 0.690135 0.651214 0.68565 0.652539 0.6713 0.647241 0.66009 0.633113 0.658744
0 0.655629 0.656054 0.656071 0.668161 0.657837 0.672646 0.661369 0.674439 0.672848 0.6713 0.680795 0.660987 0.679029 0.655157 0.671523 0.648879 0.664018 0.648879 0.657395 0.652915
0 0.672406 0.779372 0.672848 0.79148 0.675055 0.794619 0.681678 0.798206 0.690066 0.797758 0.697572 0.79417 0.703753 0.787892 0.706402 0.781166 0.704636 0.774888 0.700221 0.770852 0.691391 0.769507 0.677263 0.772197 0.673731 0.775336
0 0.688742 0.804036 0.687417 0.810762 0.692715 0.821973 0.715673 0.82287 0.721413 0.813453 0.720971 0.803587 0.716998 0.796861 0.713466 0.794619 0.70596 0.793722 0.701104 0.795516
0 0.725386 0.818386 0.725828 0.823767 0.744371 0.838117 0.751435 0.836323 0.757174 0.83139 0.760706 0.821076 0.759823 0.813901 0.755408 0.809865 0.748344 0.807623 0.73819 0.809417
0 0.72053 0.787444 0.720088 0.792825 0.722296 0.799552 0.727152 0.807175 0.734658 0.808072 0.753642 0.805381 0.757616 0.796861 0.759823 0.78565 0.754967 0.780269 0.747903 0.778027 0.727152 0.779821 0.722737 0.78296
0 0.759823 0.965919 0.760706 0.982063 0.762031 0.985202 0.766004 0.987892 0.772185 0.990135 0.7766 0.989238 0.779249 0.991031 0.786755 0.986547 0.790287 0.982063 0.791611 0.977578 0.790287 0.966368 0.787638 0.961435 0.781457 0.956054 0.776159 0.95426 0.765563 0.954709
0 0.390287 0.386099 0.389845 0.393274 0.392494 0.399552 0.396909 0.402242 0.408389 0.404933 0.41457 0.401345 0.418102 0.401345 0.422075 0.397758 0.426049 0.391031 0.427373 0.382063 0.426049 0.377578 0.421192 0.371749 0.415011 0.369058 0.410155 0.369058 0.399558 0.373991
0 0.378808 0.412556 0.379691 0.425112 0.383664 0.429148 0.389404 0.430942 0.393819 0.43139 0.401325 0.426906 0.40574 0.415695 0.405298 0.411211 0.401325 0.407175 0.393819 0.404484 0.387638 0.404484 0.381898 0.407175
0 0.411921 0.416592 0.411479 0.4287 0.416777 0.444395 0.420751 0.447085 0.428698 0.447534 0.434879 0.443946 0.441501 0.434081 0.44106 0.424664 0.436645 0.417489 0.431788 0.412556 0.422075 0.410762 0.41457 0.413004
0 0.446358 0.421973 0.445916 0.426457 0.448124 0.432735 0.463135 0.438565 0.471965 0.436323 0.476821 0.426457 0.476821 0.420628 0.474614 0.414798 0.47064 0.410762 0.460486 0.407623 0.451656 0.410762
0 0.456071 0.47713 0.456071 0.489238 0.460927 0.496413 0.465784 0.498655 0.475497 0.498655 0.482561 0.496413 0.486976 0.491031 0.489625 0.484305 0.488742 0.47713 0.481236 0.470404 0.47638 0.46861 0.467108 0.469507 0.460044 0.472646
0 0.448124 0.521973 0.447241 0.529596 0.449448 0.536323 0.463576 0.547085 0.468874 0.54843 0.481236 0.547534 0.489183 0.540359 0.492274 0.525561 0.487859 0.514798 0.480795 0.506726 0.475055 0.504484 0.459603 0.506726 0.45298 0.512556
0 0.421634 0.550673 0.421192 0.557399 0.423841 0.562332 0.428698 0.566368 0.442384 0.571749 0.445916 0.571749 0.450773 0.568161 0.456954 0.554709 0.450331 0.544843 0.44415 0.538565 0.440618 0.53722 0.433996 0.538117 0.426932 0.541704
0 0.421192 0.499552 0.420751 0.504933 0.425166 0.509865 0.43532 0.516592 0.438852 0.516592 0.446358 0.504036 0.447682 0.498655 0.446799 0.489238 0.440177 0.483408 0.434879 0.483857 0.428698 0.487444
0 0.376159 0.472646 0.376159 0.479821 0.379691 0.485202 0.389845 0.490135 0.399117 0.487892 0.405298 0.478027 0.405298 0.4713 0.403532 0.467713 0.391611 0.461435 0.386755 0.460987 0.381457 0.46278
0 0.317439 0.446188 0.313024 0.455605 0.315232 0.469955 0.318764 0.473991 0.325386 0.47713 0.335541 0.475336 0.345695 0.463229 0.34702 0.456502 0.345695 0.447534 0.34128 0.443049 0.335099 0.440807 0.320971 0.442152
0 0.263576 0.476682 0.262252 0.488341 0.267108 0.496413 0.272406 0.499552 0.282119 0.499103 0.286534 0.497309 0.297572 0.487444 0.301987 0.479372 0.302428 0.473094 0.29404 0.461435 0.282119 0.457848 0.275938 0.459193 0.273289 0.461435
0 0.238411 0.452915 0.237969 0.463229 0.240618 0.46861 0.24415 0.470852 0.254305 0.469058 0.260486 0.463229 0.263576 0.456502 0.261369 0.449327 0.251656 0.443049 0.24415 0.445291
0 0.207506 0.429148 0.207064 0.436771 0.209713 0.444395 0.221634 0.449776 0.230905 0.447085 0.240177 0.438565 0.243267 0.432735 0.243267 0.4287 0.239735 0.420628 0.230905 0.413453 0.216777 0.41435 0.209713 0.421525
0 0.238852 0.402691 0.238852 0.414798 0.247682 0.426457 0.255629 0.427354 0.263135 0.421525 0.266667 0.408969 0.265342 0.400448 0.251656 0.39417 0.244592 0.394619
0 0.172185 0.383408 0.172185 0.395516 0.1766 0.404036 0.185872 0.408969 0.197792 0.410314 0.203091 0.408072 0.20883 0.4 0.212362 0.379821 0.210596 0.375336 0.205298 0.370852 0.188079 0.367713 0.179691 0.370852 0.174834 0.376682
0 0.120088 0.400897 0.119647 0.408072 0.121413 0.412556 0.129801 0.422422 0.132892 0.423318 0.145254 0.424215 0.149227 0.42287 0.156291 0.416143 0.159823 0.407175 0.158057 0.396861 0.150993 0.388789 0.143929 0.383857 0.135982 0.383857 0.128918 0.386099 0.124503 0.390135
0 0.152318 0.440359 0.152318 0.446188 0.156733 0.449776 0.168212 0.452466 0.172185 0.447534 0.173068 0.437668 0.16777 0.432287 0.156733 0.434081
0 0.147903 0.467265 0.147903 0.473991 0.154525 0.478475 0.158499 0.476682 0.162472 0.465471 0.160265 0.462332 0.154084 0.461435 0.150552 0.46278
0 0.165563 0.474439 0.164238 0.481166 0.166446 0.484753 0.171744 0.486996 0.179249 0.483408 0.183664 0.47713 0.182781 0.470852 0.176159 0.466816 0.169536 0.468161
0 0.124503 0.460987 0.12362 0.467265 0.127152 0.4713 0.131567 0.472646 0.135099 0.471749 0.13819 0.46861 0.141722 0.46009 0.139956 0.456502 0.13245 0.455157 0.126711 0.457848
0 0.10596 0.459641 0.105519 0.463229 0.109492 0.465022 0.116556 0.464574 0.118764 0.461435 0.118322 0.457848 0.113024 0.455157
0 0.0830022 0.452018 0.0834437 0.459641 0.0874172 0.462332 0.0927152 0.46278 0.0975717 0.456502 0.0988962 0.446188 0.0962472 0.443946 0.0913907 0.444395
0 0.192936 0.494619 0.192053 0.501345 0.193377 0.503587 0.196026 0.506278 0.201766 0.506726 0.207506 0.501794 0.210596 0.492825 0.206623 0.487892 0.202649 0.487444 0.197792 0.489238
0 0.224724 0.510314 0.221634 0.514798 0.2234 0.521973 0.226932 0.524664 0.23223 0.524664 0.236203 0.519283 0.237528 0.511211 0.231788 0.508072
0 0.238411 0.522422 0.238852 0.529596 0.244592 0.535426 0.251214 0.535874 0.256512 0.5287 0.257395 0.521525 0.256071 0.518834 0.251214 0.516143 0.244592 0.515695 0.240177 0.518834
0 0.221192 0.483857 0.220751 0.494619 0.224283 0.501794 0.233554 0.507175 0.237528 0.507623 0.242384 0.505381 0.251214 0.491031 0.250331 0.483857 0.246799 0.479821 0.233996 0.474888 0.226932 0.476682
0 0.0971302 0.365471 0.0958057 0.373094 0.0975717 0.37713 0.101987 0.380269 0.112583 0.380269 0.119647 0.373094 0.120971 0.359641 0.116998 0.353363 0.110375 0.35157 0.10596 0.352915 0.10287 0.356054
0 0.0975717 0.3287 0.0944812 0.33139 0.0944812 0.339462 0.0966887 0.344395 0.10287 0.347534 0.108609 0.347085 0.112583 0.344843 0.11479 0.33722 0.113907 0.329596 0.109051 0.326457
0 0.0843267 0.29417 0.0834437 0.302691 0.0913907 0.309417 0.0975717 0.321076 0.104636 0.321973 0.114349 0.315695 0.116115 0.30852 0.112583 0.298655 0.0949227 0.291031 0.0887417 0.29148
0 0.132892 0.33139 0.132009 0.338117 0.133333 0.342152 0.137748 0.344843 0.142163 0.344843 0.147903 0.342152 0.154967 0.334978 0.15585 0.327803 0.154084 0.324664 0.14702 0.323318
0 0.127152 0.297309 0.127594 0.307175 0.134216 0.315247 0.144812 0.316592 0.153201 0.309865 0.154967 0.304484 0.154525 0.295964 0.15011 0.290583 0.134658 0.290135 0.130684 0.292377
0 0.0211921 0.261883 0.0211921 0.27713 0.0286976 0.28565 0.0397351 0.28565 0.0472406 0.279372 0.0507726 0.269058 0.0498896 0.261435 0.0437086 0.25426 0.0309051 0.252915 0.0242826 0.256951
0 0.0556291 0.226906 0.0538631 0.230493 0.0556291 0.244843 0.0609272 0.25157 0.0671082 0.25426 0.0715232 0.253363 0.0746137 0.250673 0.0777042 0.242152 0.0746137 0.222422 0.0710817 0.219283 0.0631347 0.218834
0 0.001766 0.252466 0 0.252466 0 0.288341 0.00529801 0.288341 0.00927152 0.286996 0.011479 0.283408 0.012362 0.272197 0.00971302 0.257848
0 0.264901 0.266816 0.262252 0.272197 0.263576 0.27713 0.272848 0.279372 0.282561 0.278027 0.287859 0.271749 0.289625 0.262332 0.288742 0.256951 0.286534 0.25426 0.282561 0.25426 0.272848 0.257399
0 0.29404 0.245291 0.292715 0.25157 0.294481 0.256054 0.299779 0.261435 0.304194 0.262332 0.307285 0.260538 0.313024 0.249776 0.310817 0.243049 0.303753 0.239462 0.299779 0.239462
0 0.438411 0.450673 0.437969 0.454709 0.439735 0.458744 0.442384 0.460987 0.447241 0.461435 0.455188 0.457399 0.45872 0.452915 0.459603 0.448879 0.453422 0.441704 0.447241 0.440359 0.441501 0.444843
0 0.482119 0.450224 0.481678 0.463677 0.483444 0.466816 0.491391 0.4713 0.498896 0.46861 0.503753 0.458296 0.50287 0.449327 0.500221 0.445291 0.495806 0.442601 0.488742 0.443946 0.484768 0.446188
0 0.506843 0.469955 0.505519 0.473991 0.506402 0.482063 0.515232 0.49417 0.525828 0.495964 0.53245 0.491031 0.534216 0.484305 0.53245 0.466368 0.52936 0.46278 0.526269 0.461435 0.515673 0.46278 0.510375 0.465471
0 0.512141 0.512556 0.5117 0.522422 0.517881 0.530045 0.52936 0.530942 0.534216 0.526457 0.534658 0.51704 0.532892 0.508072 0.530684 0.50583 0.520971 0.504484 0.515673 0.507623
0 0.684327 0.699552 0.683002 0.703139 0.683885 0.710762 0.693598 0.71704 0.703753 0.71435 0.712141 0.706726 0.712141 0.702242 0.709934 0.697758 0.70287 0.693722 0.691832 0.694619
0 0.916556 0.993722 0.916115 0.999552 0.935099 0.999552 0.935099 0.991928 0.931567 0.988341 0.920971 0.989686
0 0.887859 0.996413 0.887417 0.999552 0.90596 0.999552 0.905519 0.995067 0.901545 0.990583 0.893598 0.992377
0 0.919205 0.943946 0.920088 0.948879 0.925828 0.95157 0.934658 0.947085 0.936865 0.940807 0.933775 0.93722 0.927152 0.93722 0.921854 0.939462
0 0.928477 0.971749 0.928035 0.973543 0.932009 0.979372 0.935099 0.980717 0.93819 0.979372 0.939073 0.974888 0.935099 0.969058 0.931567 0.968161
0 0.937748 0.926009 0.935541 0.929148 0.938631 0.932735 0.945695 0.935426 0.949227 0.932735 0.943488 0.924664
0 0.919647 0.834081 0.919647 0.838565 0.924945 0.842152 0.928918 0.842601 0.932009 0.838565 0.92936 0.833184 0.924945 0.831839
0 0.919647 0.797758 0.921413 0.80583 0.928918 0.805381 0.930684 0.803587 0.931126 0.799552 0.92936 0.795964 0.921413 0.795516
0 0.921854 0.783408 0.92053 0.786099 0.921854 0.790135 0.92936 0.791928 0.93245 0.789686 0.93245 0.784305 0.930243 0.781166 0.924945 0.781166
0 0.916115 0.756054 0.916115 0.76009 0.919647 0.762332 0.921854 0.76278 0.925828 0.759193 0.924503 0.752915 0.918322 0.753363
0 0.902428 0.734081 0.901987 0.738117 0.907285 0.743498 0.911258 0.743049 0.91479 0.73722 0.91479 0.734081 0.911258 0.729148 0.904636 0.730493
0 0.889625 0.73139 0.887859 0.734081 0.890949 0.739013 0.898896 0.736771 0.899779 0.734081 0.897572 0.729596
0 0.900221 0.700897 0.901104 0.708072 0.907726 0.708969 0.909051 0.707623 0.910375 0.7 0.908609 0.697309 0.90287 0.697758
0 0.860486 0.63139 0.859603 0.634081 0.864459 0.63991 0.867991 0.640807 0.871082 0.639013 0.871523 0.633632 0.868433 0.629596 0.862693 0.6287
0 0.891832 0.667265 0.891391 0.672197 0.893157 0.674439 0.897572 0.674888 0.900662 0.672646 0.901104 0.668161 0.898013 0.664126
0 0.880353 0.652915 0.879029 0.65426 0.886976 0.662332 0.890508 0.66278 0.894481 0.658744 0.894923 0.65157 0.893598 0.648879 0.886976 0.647085
0 0.5766 0.491928 0.5766 0.502691 0.579249 0.510762 0.589404 0.516143 0.595143 0.516143 0.598675 0.51435 0.616336 0.494619 0.616336 0.491031 0.612804 0.486996 0.603974 0.479372 0.599117 0.478027 0.581457 0.483408 0.578366 0.486547
0 0.54128 0.46278 0.54128 0.478924 0.543488 0.483857 0.54702 0.485202 0.556291 0.484753 0.562031 0.482063 0.566446 0.477578 0.566446 0.46861 0.559823 0.459641 0.553642 0.457399 0.54702 0.457399
0 0.231788 0.293722 0.232671 0.3 0.238411 0.302242 0.244592 0.297758 0.245916 0.289686 0.243709 0.287444 0.237969 0.286996
0 0.128035 0.209417 0.129801 0.22287 0.133333 0.226906 0.136865 0.228251 0.151435 0.223767 0.156291 0.213453 0.155408 0.204036 0.150993 0.2 0.144812 0.198206 0.139956 0.198206 0.130684 0.202691 0.130684 0.206278
0 0.113907 0.240359 0.114349 0.251121 0.116556 0.253812 0.128035 0.255605 0.131567 0.253363 0.133775 0.248879 0.134216 0.240359 0.131126 0.230493 0.119647 0.230942 0.116115 0.234081
0 0.0264901 0.439013 0.0233996 0.445291 0.0251656 0.452915 0.0317881 0.456054 0.0370861 0.455157 0.0388521 0.452018 0.0370861 0.441704 0.0326711 0.438117
0 0.434879 0.660987 0.434879 0.669507 0.441501 0.677578 0.445916 0.679372 0.452539 0.676233 0.460927 0.665919 0.458278 0.656951 0.453422 0.65157 0.44989 0.650224 0.445916 0.650224 0.44106 0.652915
0 0.454305 0.682063 0.45298 0.685202 0.453863 0.69148 0.45872 0.7 0.464459 0.703139 0.474172 0.7 0.482119 0.689686 0.484327 0.682063 0.473289 0.672197 0.468433 0.670852 0.464018 0.6713 0.459161 0.674888
0 0.442826 0.703139 0.443267 0.709865 0.445475 0.713901 0.449448 0.716592 0.453863 0.715695 0.459161 0.709865 0.459603 0.70583 0.452539 0.696861 0.449007 0.696413
0 0.427373 0.680717 0.428698 0.689238 0.43532 0.694619 0.442384 0.686996 0.445916 0.687444 0.446358 0.68565 0.437086 0.67713 0.435762 0.673991
0 0.416777 0.666368 0.417219 0.674888 0.421634 0.679372 0.428256 0.678475 0.431788 0.671749 0.429139 0.661435 0.422517 0.66278
0 0.40883 0.650673 0.409713 0.657848 0.41457 0.664126 0.417219 0.664574 0.428256 0.661883 0.43223 0.651121 0.430022 0.645291 0.427373 0.642601 0.422517 0.641256 0.415453 0.642601
0 0.396026 0.635426 0.396468 0.643946 0.402649 0.649327 0.407947 0.648879 0.41457 0.640359 0.411038 0.629596 0.407947 0.625561 0.401325 0.628251
0 0.413245 0.619283 0.411479 0.62287 0.412362 0.629148 0.41766 0.63722 0.423841 0.637668 0.433113 0.630942 0.433996 0.621973 0.431788 0.616592 0.428256 0.613901 0.421192 0.613004
0 0.38543 0.619731 0.384547 0.626906 0.389845 0.634081 0.393819 0.632735 0.399558 0.626457 0.393819 0.61704
0 0.395585 0.606278 0.395143 0.612556 0.397351 0.615695 0.404857 0.618386 0.408389 0.617489 0.412804 0.613453 0.415453 0.604933 0.413245 0.6 0.407506 0.595964 0.4 0.6
0 0.368653 0.589238 0.368653 0.593722 0.371302 0.599103 0.376159 0.603587 0.381457 0.605381 0.385872 0.605381 0.391611 0.602691 0.397351 0.593722 0.395143 0.586547 0.384989 0.579372 0.3766 0.580717
0 0.35011 0.567713 0.349227 0.571749 0.351435 0.576682 0.356733 0.582511 0.362031 0.584753 0.369978 0.579821 0.375717 0.5713 0.37351 0.564126 0.366004 0.56009 0.359382 0.560538
0 0.325386 0.550224 0.324503 0.55426 0.325828 0.558296 0.328035 0.560987 0.334216 0.563677 0.342163 0.561883 0.344812 0.557399 0.343929 0.551121 0.335541 0.544843 0.328035 0.546637
0 0.347461 0.521973 0.347903 0.529148 0.35585 0.537668 0.361148 0.540807 0.366004 0.538565 0.369095 0.533184 0.369536 0.527354 0.361148 0.513004 0.355408 0.511659
0 0.480795 0.614798 0.483444 0.626457 0.487859 0.63139 0.493598 0.634081 0.498455 0.633184 0.50596 0.626906 0.509492 0.617489 0.506843 0.611211 0.498896 0.606278 0.487417 0.608072
0 0.462693 0.642152 0.462252 0.647085 0.464459 0.652018 0.468874 0.656502 0.473289 0.657848 0.481236 0.652018 0.485651 0.644843 0.484768 0.639013 0.477704 0.632735 0.470199 0.633632
0 0.475938 0.589238 0.47638 0.598655 0.481236 0.604484 0.492715 0.602691 0.498013 0.595964 0.498455 0.591031 0.496689 0.586099 0.491832 0.581614 0.482561 0.581614 0.477263 0.58565
0 0.701104 0.594619 0.699338 0.602691 0.70287 0.607175 0.713907 0.60852 0.719205 0.605381 0.720088 0.598206 0.716556 0.593722 0.706402 0.590583
0 0.754967 0.76861 0.754967 0.775785 0.76468 0.784305 0.769095 0.786547 0.785872 0.786099 0.794702 0.776682 0.798675 0.769058 0.799117 0.764126 0.796909 0.759193 0.792936 0.756502 0.781015 0.755157 0.760265 0.760538
0 0.669316 0.932287 0.668874 0.937668 0.67064 0.942152 0.679029 0.949327 0.681236 0.955157 0.68521 0.958744 0.695806 0.957399 0.702428 0.953363 0.705519 0.949327 0.706402 0.934529 0.704636 0.930493 0.699779 0.926906 0.690066 0.925112 0.675938 0.925561
0 0.694481 0.891928 0.692715 0.897758 0.695364 0.902691 0.706402 0.90583 0.713466 0.911659 0.719205 0.911211 0.726269 0.908072 0.732009 0.902242 0.733333 0.897758 0.73245 0.887892 0.727152 0.869058 0.722737 0.866368 0.709492 0.8713
0 0.596468 0.974888 0.596468 0.986996 0.598234 0.99148 0.602208 0.99417 0.622517 0.99148 0.628698 0.986547 0.630464 0.98296 0.630464 0.972646 0.629581 0.969955 0.62649 0.968161 0.604415 0.966816 0.598675 0.969507
0 0.500662 0.242601 0.498896 0.244395 0.499338 0.25157 0.50287 0.25426 0.507726 0.253363 0.509934 0.249776 0.508609 0.243946 0.505519 0.242152
0 0.0810313 0.0471807 0.0788962 0.0533081 0.0788962 0.0580408 0.0830371 0.058961 0.0901536 0.0543601 0.0888596 0.0504161 0.0857541 0.047787
0 0.177266 0.0634439 0.181989 0.0647453 0.182507 0.0597498 0.179013 0.057778 0.175261 0.058304 0.174743 0.0615901
0 0.152035 0.0591731 0.147959 0.06067 0.148606 0.067243 0.154946 0.069478 0.157017 0.0634309 0.155723 0.0605386
0 0.23711 0.110099 0.234004 0.115895 0.239309 0.117998 0.242932 0.114448 0.242027 0.109716 0.239827 0.108533
0 0.37378 0.138683 0.379117 0.136989 0.382093 0.132256 0.378858 0.127524 0.373424 0.123974 0.368507 0.124631 0.365531 0.129758 0.368895 0.135411
0 0.379764 0.137534 0.375494 0.141064 0.376917 0.145928 0.381446 0.145665 0.388562 0.142247 0.384034 0.138698
0 0.417287 0.195688 0.422463 0.191427 0.418323 0.18814 0.412759 0.189061 0.412371 0.189849 0.413406 0.193925
0 0.42311 0.195359 0.417676 0.198263 0.418581 0.201944 0.421558 0.207202 0.426604 0.207334 0.430227 0.204836 0.431003 0.198395 0.427121 0.195239
0 0.436049 0.198316 0.433461 0.201944 0.433461 0.208517 0.439025 0.208912 0.442907 0.204968 0.441743 0.20155
0 0.446077 0.234622 0.444234 0.239269 0.44915 0.243081 0.452256 0.240452 0.452385 0.23493
0 0.466294 0.241193 0.465583 0.244333 0.465971 0.248276 0.46843 0.249197 0.471794 0.246436 0.472053 0.242624 0.4705 0.240652
0 0.453841 0.216715 0.457302 0.216463 0.457302 0.21173 0.452902 0.208181 0.448374 0.20897 0.451479 0.215148
0 0.47891 0.2338 0.473735 0.23776 0.474381 0.241703 0.478781 0.24407 0.484345 0.241835 0.484604 0.236576
0 0.509317 0.257621 0.506471 0.259211 0.506212 0.264863 0.509835 0.268544 0.514493 0.263943 0.514493 0.259211 0.509317 0.257239
0 0.517986 0.262891 0.513587 0.266835 0.514623 0.272488 0.520574 0.273277 0.522257 0.267756 0.521092 0.260657
0 0.560751 0.281441 0.557645 0.282602 0.557128 0.286414 0.559845 0.288781 0.564632 0.28694 0.564115 0.284311
0 0.566573 0.301318 0.562821 0.307843 0.564115 0.311918 0.567738 0.312575 0.573431 0.308631 0.573302 0.303767 0.570325 0.301664
0 0.592775 0.31019 0.588505 0.314247 0.588634 0.318848 0.592516 0.321609 0.59588 0.320294 0.599245 0.316218 0.598727 0.311486
0 0.63046 0.338445 0.633371 0.334749 0.633242 0.328307 0.627808 0.325415 0.62522 0.328439 0.626513 0.336195 0.627808 0.339876 0.631301 0.337641
0 0.633113 0.378475 0.633554 0.387892 0.643267 0.390583 0.647682 0.388341 0.648565 0.376682 0.647241 0.372646 0.639735 0.370404
0 0.662252 0.43139 0.661369 0.436771 0.664018 0.442601 0.671082 0.443946 0.681236 0.439462 0.684327 0.432735 0.682119 0.430045 0.671523 0.425561 0.664901 0.427354
0 0.68998 0.377708 0.686034 0.383631 0.687328 0.389021 0.692762 0.389415 0.697679 0.381791 0.694574 0.377978
0 0.717638 0.393643 0.713076 0.393753 0.710101 0.397434 0.712947 0.402824 0.719417 0.402561 0.72304 0.399932 0.72097 0.39612
0 0.799154 0.460504 0.794528 0.459468 0.790388 0.462229 0.791423 0.466304 0.797246 0.470379 0.802551 0.469327 0.805527 0.464595
0 0.860777 0.595376 0.86757 0.596471 0.870158 0.593053 0.869899 0.587269 0.863171 0.584771 0.856442 0.585428 0.855536 0.59187
0 0.87226 0.607532 0.877015 0.604753 0.876886 0.599495 0.872228 0.596734 0.866017 0.599889 0.865112 0.604359 0.868217 0.606462
0 0.877113 0.633488 0.882806 0.632651 0.883194 0.626735 0.879442 0.625946 0.873748 0.628444 0.874525 0.630548
0 0.881803 0.646302 0.889922 0.644219 0.890052 0.639881 0.885911 0.63528 0.878277 0.636726 0.878277 0.642379
0 0.884229 0.713985 0.890375 0.714527 0.893869 0.711897 0.894257 0.705193 0.890246 0.700592 0.8852 0.701117 0.878989 0.707034 0.87873 0.711635
0 0.918518 0.826679 0.925699 0.824427 0.928416 0.822718 0.928804 0.815883 0.923499 0.813253 0.917806 0.812859 0.914442 0.821009 0.915219 0.825085
0 0.88892 0.8436 0.890763 0.846907 0.895551 0.845198 0.898915 0.842832 0.89581 0.837574 0.891799 0.838231 0.888434 0.841649
0 0.891346 0.960073 0.896845 0.960256 0.898786 0.957627 0.895034 0.954077 0.887917 0.955129 0.887917 0.958152
0 0.936794 0.904875 0.942003 0.9069 0.945496 0.90322 0.942391 0.892309 0.934886 0.895464 0.932686 0.900065
0 0.935177 0.817315 0.942391 0.817337 0.940967 0.809975 0.937344 0.807083 0.933333 0.81037 0.93191 0.81313
0 0.914636 0.777231 0.918583 0.77453 0.919618 0.769139 0.915477 0.765327 0.910819 0.76559 0.907325 0.770717 0.91056 0.777684
0 0.930649 0.775425 0.932427 0.770323 0.928416 0.765853 0.922982 0.767299 0.922982 0.7719 0.925699 0.77545
0 0.65181 0.375243 0.655756 0.375394 0.657956 0.372239 0.656144 0.368557 0.650581 0.369872 0.65071 0.372896
0 0.912211 0.988172 0.919383 0.984372 0.917908 0.977044 0.910039 0.97821 0.906433 0.981374
0 0.719647 0.965022 0.718764 0.967265 0.72053 0.974888 0.727152 0.987444 0.733775 0.990583 0.737748 0.986547 0.745695 0.983857 0.748344 0.975336 0.748344 0.964126 0.744371 0.956054 0.734658 0.953363 0.727594 0.954709
0 0.636203 0.966816 0.636203 0.981614 0.640618 0.989238 0.660044 0.990583 0.669316 0.983857 0.675055 0.966816 0.671523 0.960538 0.66181 0.95426 0.641943 0.958296
0 0.673289 0.976682 0.672848 0.98565 0.675055 0.989686 0.678587 0.989238 0.682119 0.99148 0.684327 0.990135 0.695806 0.991928 0.703311 0.991031 0.712141 0.983857 0.712583 0.966816 0.706843 0.958744 0.692274 0.960538 0.682119 0.963229
0 0.295806 0.357399 0.295364 0.366816 0.298455 0.374439 0.301545 0.376233 0.313024 0.376233 0.320971 0.366368 0.319647 0.358296 0.315673 0.352466 0.310817 0.348879 0.300662 0.351121
0 0.357616 0.347534 0.356291 0.352018 0.357174 0.356054 0.365563 0.360987 0.370419 0.359641 0.377042 0.352466 0.3766 0.343049 0.369978 0.338565 0.362031 0.339462 0.359382 0.341704
0 0.220309 0.362332 0.219868 0.369507 0.225607 0.37713 0.230464 0.378924 0.233996 0.378027 0.238852 0.373991 0.241943 0.367713 0.24415 0.355605 0.240618 0.350673 0.229581 0.347534 0.2234 0.353363
0 0.0587196 0.426457 0.0604857 0.434978 0.0675497 0.438565 0.0812362 0.429148 0.0825607 0.424664 0.0807947 0.418834 0.0737307 0.414798 0.0640177 0.413901 0.0609272 0.418386
0 0.345254 0.433184 0.345254 0.439013 0.35585 0.460987 0.366887 0.460987 0.373951 0.455605 0.377483 0.449327 0.379691 0.438565 0.372627 0.420179 0.369095 0.419283 0.362472 0.421076 0.349227 0.428251
