0 0.5 0.976401 0.500967 0.999017 0.523211 0.999017 0.529014 0.983284 0.521277 0.970501 0.50677 0.968535
0 0.500967 0.939036 0.500967 0.952802 0.50677 0.958702 0.522244 0.958702 0.529981 0.948869 0.529981 0.932153 0.525145 0.926254 0.505803 0.927237
0 0.492263 0.878073 0.491296 0.898722 0.498066 0.912488 0.518375 0.914454 0.528046 0.907571 0.531915 0.889872 0.521277 0.872173 0.501934 0.870206
0 0.490329 0.833825 0.492263 0.860374 0.501934 0.864307 0.519342 0.855457 0.520309 0.846608 0.512573 0.827925 0.497099 0.827925
0 0.482592 0.79646 0.480658 0.807276 0.487427 0.819076 0.503868 0.812193 0.504836 0.800393 0.498066 0.791544
0 0.464217 0.764995 0.465184 0.780728 0.471954 0.787611 0.481625 0.783677 0.488395 0.775811 0.48646 0.764012 0.481625 0.759095 0.472921 0.759095
0 0.598646 0.866273 0.598646 0.894789 0.61412 0.911504 0.628627 0.913471 0.636364 0.910521 0.654739 0.893805 0.653772 0.858407 0.646035 0.843658 0.639265 0.838741 0.626692 0.838741 0.60735 0.846608
0 0.582205 0.786627 0.581238 0.809243 0.591876 0.828909 0.597679 0.831858 0.613153 0.830875 0.626692 0.824975 0.633462 0.817109 0.635397 0.791544 0.623791 0.773845 0.612186 0.770895 0.597679 0.773845
0 0.526112 0.819076 0.526112 0.835792 0.53675 0.855457 0.555126 0.857424 0.573501 0.848574 0.575435 0.827925 0.562863 0.79941 0.55029 0.79646 0.539652 0.800393
0 0.622824 0.950836 0.621857 0.958702 0.631528 0.984267 0.640232 0.987217 0.651838 0.985251 0.659574 0.970501 0.655706 0.948869 0.647002 0.941986 0.637331 0.941986
0 0.672147 0.945919 0.67118 0.961652 0.681818 0.981318 0.697292 0.981318 0.70793 0.973451 0.713733 0.962635 0.7147 0.949853 0.705996 0.932153 0.695358 0.929204 0.68472 0.93117
0 0.710832 0.987217 0.708897 0.999017 0.747582 0.999017 0.750484 0.99115 0.749516 0.981318 0.735977 0.974435 0.723404 0.974435
0 0.764023 0.972468 0.763056 0.984267 0.766925 0.9941 0.789168 0.996067 0.794971 0.99115 0.796905 0.975418 0.790135 0.966568 0.775629 0.963618
0 0.731141 0.936087 0.732108 0.948869 0.737911 0.955752 0.746615 0.959685 0.759188 0.956735 0.763056 0.93707 0.758221 0.930187 0.741779 0.92822
0 0.448743 0.72763 0.448743 0.751229 0.452611 0.754179 0.460348 0.752212 0.467118 0.746313 0.468085 0.73648 0.45648 0.722714
0 0.424565 0.718781 0.424565 0.72763 0.435203 0.734513 0.440039 0.728614 0.440039 0.721731
0 0.411025 0.691249 0.410058 0.699115 0.417795 0.711898 0.426499 0.713864 0.438104 0.707965 0.440039 0.695182 0.434236 0.684366 0.421663 0.681416 0.415861 0.683382
0 0.352998 0.621436 0.353965 0.637168 0.362669 0.647984 0.378143 0.650934 0.390716 0.643068 0.394584 0.623402 0.38588 0.609636 0.366538 0.611603
0 0.381044 0.660767 0.381044 0.671583 0.393617 0.683382 0.411025 0.671583 0.411025 0.663717 0.404255 0.656834
0 0.407157 0.618486 0.403288 0.622419 0.403288 0.634218 0.412959 0.653884 0.420696 0.6588 0.434236 0.657817 0.440039 0.646018 0.43617 0.626352 0.420696 0.615536
0 0.468085 0.700098 0.467118 0.710914 0.481625 0.729597 0.500967 0.735497 0.514507 0.725664 0.516441 0.700098 0.510638 0.690265 0.491296 0.681416 0.481625 0.681416 0.470986 0.688299
0 0.460348 0.622419 0.462282 0.654867 0.470019 0.659784 0.499033 0.657817 0.512573 0.645034 0.515474 0.637168 0.508704 0.60767 0.500967 0.602753 0.479691 0.60472
0 0.522244 0.59587 0.523211 0.614553 0.531915 0.625369 0.545455 0.625369 0.552224 0.619469 0.555126 0.60177 0.549323 0.594887 0.534816 0.588004
0 0.529014 0.692232 0.528046 0.719764 0.530948 0.726647 0.539652 0.731563 0.552224 0.731563 0.56383 0.726647 0.572534 0.706981 0.56383 0.686332 0.535783 0.678466
0 0.572534 0.669617 0.571567 0.687316 0.582205 0.704031 0.598646 0.705998 0.61412 0.694199 0.616054 0.675516 0.602515 0.6647 0.588975 0.66175
0 0.591876 0.622419 0.588008 0.642085 0.594778 0.656834 0.625725 0.671583 0.638298 0.668633 0.647002 0.659784 0.651838 0.639135 0.642166 0.619469 0.629594 0.612586 0.611219 0.610619 0.598646 0.615536
0 0.523211 0.537856 0.524178 0.564405 0.533849 0.576205 0.567698 0.586037 0.590909 0.574238 0.596712 0.556539 0.595745 0.537856 0.591876 0.526057 0.576402 0.511308 0.558027 0.509341 0.539652 0.515241 0.526112 0.529007
0 0.363636 0.542773 0.364603 0.564405 0.377176 0.583088 0.387814 0.588987 0.39942 0.589971 0.412959 0.585054 0.427466 0.570305 0.430368 0.545723 0.423598 0.533923 0.409091 0.522124 0.395551 0.521141 0.381044 0.525074
0 0.340426 0.589971 0.340426 0.600787 0.347195 0.606686 0.361702 0.602753 0.368472 0.59587 0.366538 0.586037 0.355899 0.576205 0.34913 0.577188
0 0.305609 0.555556 0.305609 0.570305 0.313346 0.581121 0.325919 0.583088 0.33559 0.576205 0.338491 0.560472 0.329787 0.549656 0.314313 0.546706
0 0.323017 0.602753 0.320116 0.605703 0.325919 0.618486 0.331721 0.620452 0.339458 0.615536 0.332689 0.602753
0 0.305609 0.588987 0.303675 0.591937 0.310445 0.599803 0.319149 0.59882 0.318182 0.588987
0 0.287234 0.573255 0.286267 0.578171 0.293037 0.587021 0.300774 0.582104 0.300774 0.573255 0.296905 0.569322
0 0.265957 0.551622 0.265957 0.562439 0.274662 0.569322 0.283366 0.567355 0.290135 0.557522 0.288201 0.547689 0.281431 0.540806 0.273694 0.54179
0 0.229207 0.530973 0.22824 0.539823 0.237911 0.551622 0.252418 0.553589 0.261122 0.542773 0.261122 0.529007 0.252418 0.523107 0.236944 0.521141
0 0.206963 0.518191 0.209865 0.529007 0.215667 0.531957 0.22147 0.52999 0.224371 0.519174 0.220503 0.514258 0.210832 0.514258
0 0.182785 0.508358 0.18472 0.520157 0.192456 0.521141 0.197292 0.517207 0.197292 0.507375 0.193424 0.502458 0.186654 0.502458
0 0.147969 0.483776 0.143133 0.499508 0.145068 0.506391 0.16441 0.511308 0.172147 0.509341 0.178917 0.495575 0.176015 0.483776 0.161509 0.476893 0.153772 0.476893
0 0.109284 0.47001 0.108317 0.488692 0.111219 0.492625 0.126692 0.495575 0.134429 0.489676 0.135397 0.47591 0.132495 0.470993 0.12089 0.468043
0 0.0705996 0.46706 0.0696325 0.483776 0.0725338 0.487709 0.0967118 0.487709 0.098646 0.47591 0.0957447 0.46706 0.0880077 0.463127
0 0.0338491 0.47591 0.0309478 0.481809 0.0338491 0.491642 0.0464217 0.493609 0.0560928 0.488692 0.0560928 0.470993 0.0425532 0.47001
0 0.00773694 0.454277 0 0.454277 0 0.480826 0.0154739 0.480826 0.0193424 0.476893 0.016441 0.460177
0 0.0183752 0.438545 0.0203095 0.451327 0.0348162 0.462144 0.0531915 0.459194 0.0580271 0.449361 0.05706 0.435595 0.0473888 0.423795 0.0299807 0.427729
0 0.00676983 0.380531 0.00193424 0.40118 0.00870406 0.417896 0.0309478 0.418879 0.0444874 0.409046 0.049323 0.39528 0.0444874 0.369715 0.0319149 0.363815 0.0222437 0.363815 0.0116054 0.369715
0 0.109284 0.424779 0.109284 0.445428 0.118956 0.45821 0.140232 0.460177 0.145068 0.456244 0.151838 0.432645 0.147002 0.420846 0.117988 0.415929
0 0.113153 0.372665 0.112186 0.394297 0.119923 0.406096 0.146035 0.410029 0.158607 0.40413 0.161509 0.371681 0.151838 0.360865 0.126692 0.358899
0 0.172147 0.389381 0.167311 0.40708 0.174081 0.415929 0.193424 0.419862 0.204062 0.416912 0.210832 0.410029 0.208897 0.387414 0.199226 0.375615 0.182785 0.372665
0 0.197292 0.47591 0.196325 0.490659 0.209865 0.505408 0.227273 0.506391 0.233075 0.500492 0.238878 0.480826 0.238878 0.47001 0.233075 0.46411 0.227273 0.46116 0.208897 0.462144
0 0.246615 0.493609 0.245648 0.506391 0.250484 0.512291 0.260155 0.516224 0.27176 0.516224 0.27853 0.512291 0.282398 0.494592 0.276596 0.481809 0.257253 0.477876 0.250484 0.482793
0 0.291103 0.494592 0.288201 0.519174 0.294004 0.529007 0.304642 0.536873 0.324952 0.533923 0.337524 0.514258 0.333656 0.490659 0.316248 0.478859 0.306576 0.477876 0.294971 0.483776
0 0.347195 0.493609 0.348162 0.512291 0.357834 0.521141 0.376209 0.519174 0.389749 0.509341 0.396518 0.498525 0.387814 0.482793 0.370406 0.470993 0.358801 0.474926 0.351064 0.482793
0 0.397485 0.465093 0.398453 0.479843 0.407157 0.489676 0.421663 0.491642 0.432302 0.476893 0.4294 0.463127 0.417795 0.451327 0.407157 0.451327
0 0.425532 0.505408 0.426499 0.518191 0.439072 0.529007 0.459381 0.526057 0.468085 0.512291 0.464217 0.494592 0.451644 0.483776 0.441006 0.486726
0 0.369439 0.441495 0.369439 0.459194 0.382012 0.463127 0.390716 0.453294 0.391683 0.439528 0.384913 0.433628 0.377176 0.433628
0 0.251451 0.440511 0.251451 0.454277 0.261122 0.466077 0.283366 0.470993 0.293037 0.46411 0.293037 0.434612 0.288201 0.427729 0.263056 0.427729 0.254352 0.432645
0 0.0396518 0.32645 0.0386847 0.3412 0.0425532 0.347099 0.05706 0.355949 0.0647969 0.355949 0.082205 0.348083 0.0909091 0.3235 0.0860735 0.310718 0.0638298 0.304818 0.0502901 0.312684
0 0.00580271 0.27237 0 0.288102 0 0.304818 0.00386847 0.313668 0.0154739 0.322517 0.032882 0.319567 0.0473888 0.299902 0.0444874 0.273353 0.0290135 0.26352 0.0174081 0.264503
0 0.0560928 0.271386 0.0551257 0.286136 0.0705996 0.301868 0.089942 0.299902 0.10058 0.292035 0.10735 0.280236 0.104449 0.261554 0.0909091 0.252704 0.0783366 0.252704 0.0667311 0.25762
0 0.0261122 0.230088 0.0280464 0.251721 0.0396518 0.259587 0.0580271 0.256637 0.0686654 0.239921 0.0667311 0.219272 0.0580271 0.212389 0.0367505 0.213373 0.0290135 0.219272
0 0.00386847 0.215339 0 0.215339 0 0.26057 0.0116054 0.254671 0.016441 0.247788 0.016441 0.227139
0 0.0473888 0.176991 0.0464217 0.183874 0.0531915 0.195674 0.0667311 0.20059 0.0793037 0.195674 0.0812379 0.176991 0.0715667 0.167158 0.0580271 0.166175
0 0.112186 0.223206 0.113153 0.247788 0.126692 0.26057 0.152805 0.259587 0.168279 0.248771 0.17118 0.240905 0.169246 0.205506 0.154739 0.19764 0.133462 0.199607 0.12089 0.208456
0 0.181818 0.205506 0.183752 0.227139 0.200193 0.240905 0.22147 0.241888 0.23501 0.225172 0.235977 0.204523 0.224371 0.187807 0.197292 0.184857 0.186654 0.192724
0 0.154739 0.27532 0.154739 0.295969 0.17118 0.314651 0.197292 0.311701 0.218569 0.294002 0.219536 0.27237 0.216634 0.262537 0.209865 0.256637 0.183752 0.252704 0.162476 0.262537
0 0.179884 0.336283 0.181818 0.353982 0.201161 0.364798 0.218569 0.362832 0.231141 0.352016 0.231141 0.330383 0.217602 0.319567 0.206963 0.318584 0.189555 0.3235
0 0.219536 0.374631 0.222437 0.39823 0.229207 0.40413 0.243714 0.400197 0.250484 0.380531 0.249516 0.368732 0.237911 0.363815
0 0.250484 0.387414 0.248549 0.40708 0.256286 0.417896 0.26499 0.421829 0.282398 0.419862 0.291103 0.411013 0.291103 0.383481 0.284333 0.373648 0.275629 0.369715 0.264023 0.371681
0 0.298839 0.383481 0.298839 0.40708 0.304642 0.413963 0.310445 0.416912 0.332689 0.408063 0.336557 0.393314 0.330754 0.381514 0.320116 0.375615 0.306576 0.375615
0 0.348162 0.399213 0.348162 0.414946 0.354932 0.419862 0.363636 0.419862 0.366538 0.411013 0.362669 0.400197 0.355899 0.396264
0 0.296905 0.333333 0.295938 0.346116 0.303675 0.361849 0.318182 0.363815 0.339458 0.357915 0.340426 0.337266 0.321083 0.319567 0.304642 0.322517
0 0.319149 0.271386 0.316248 0.293019 0.333656 0.313668 0.354932 0.319567 0.369439 0.313668 0.377176 0.304818 0.381044 0.292035 0.37911 0.280236 0.364603 0.258604 0.34913 0.252704 0.334623 0.253687 0.323017 0.262537
0 0.274662 0.199607 0.275629 0.215339 0.283366 0.224189 0.294971 0.229105 0.312379 0.226155 0.324952 0.211406 0.323985 0.190757 0.314313 0.178958 0.306576 0.176008 0.2853 0.179941
0 0.236944 0.169125 0.235977 0.180924 0.243714 0.19469 0.258221 0.198623 0.265957 0.192724 0.27176 0.177974 0.262089 0.157325 0.244681 0.158309
0 0.201161 0.147493 0.200193 0.160275 0.210832 0.172075 0.224371 0.171091 0.234043 0.154376 0.232108 0.143559 0.220503 0.135693 0.211799 0.135693
0 0.181818 0.123894 0.180851 0.13471 0.18472 0.138643 0.192456 0.138643 0.201161 0.130777 0.200193 0.119961 0.196325 0.117011 0.187621 0.117011
0 0.145068 0.109145 0.144101 0.117994 0.148936 0.129794 0.159574 0.132743 0.169246 0.127827 0.173114 0.111111 0.168279 0.102262 0.153772 0.101278
0 0.101547 0.135693 0.102515 0.153392 0.112186 0.163225 0.124758 0.162242 0.136364 0.153392 0.138298 0.135693 0.134429 0.123894 0.12766 0.117994 0.112186 0.117011
0 0.0609284 0.133727 0.0628627 0.150442 0.0667311 0.153392 0.0841393 0.154376 0.0880077 0.150442 0.089942 0.13471 0.0860735 0.127827 0.0705996 0.123894
0 0.00967118 0.132743 0.00773694 0.146509 0.016441 0.164208 0.0309478 0.169125 0.0473888 0.161259 0.0502901 0.143559 0.0483559 0.133727 0.0415861 0.124877 0.0212766 0.122911
0 0.419729 0.414946 0.417795 0.423795 0.421663 0.440511 0.444874 0.457227 0.457447 0.452311 0.470986 0.432645 0.469052 0.415929 0.457447 0.405113 0.435203 0.403147
0 0.464217 0.46116 0.46325 0.47296 0.476789 0.488692 0.488395 0.491642 0.500967 0.485742 0.504836 0.478859 0.507737 0.456244 0.494197 0.440511 0.480658 0.441495
0 0.517408 0.45821 0.517408 0.479843 0.526112 0.496559 0.542553 0.497542 0.562863 0.484759 0.567698 0.470993 0.567698 0.452311 0.559961 0.443461 0.529014 0.442478 0.521277 0.447394
0 0.584139 0.477876 0.584139 0.501475 0.60058 0.514258 0.625725 0.509341 0.636364 0.491642 0.62766 0.463127 0.612186 0.457227 0.594778 0.462144
0 0.605416 0.528024 0.605416 0.540806 0.610251 0.550639 0.625725 0.553589 0.631528 0.549656 0.633462 0.543756 0.625725 0.523107 0.613153 0.523107
0 0.636364 0.516224 0.640232 0.539823 0.648936 0.549656 0.669246 0.551622 0.681818 0.540806 0.685687 0.514258 0.683752 0.507375 0.673114 0.496559 0.660542 0.495575 0.647002 0.499508
0 0.730174 0.885939 0.729207 0.893805 0.73501 0.905605 0.750484 0.918387 0.768859 0.918387 0.786267 0.906588 0.787234 0.885939 0.780464 0.87119 0.772727 0.86529 0.749516 0.863324 0.734043 0.876106
0 0.777563 0.927237 0.776596 0.943953 0.781431 0.952802 0.801741 0.956735 0.811412 0.949853 0.81528 0.935103 0.809478 0.923304 0.789168 0.920354
0 0.811412 0.966568 0.810445 0.973451 0.81528 0.983284 0.83559 0.985251 0.840426 0.981318 0.841393 0.970501 0.830754 0.958702 0.821083 0.957719
0 0.830754 0.923304 0.829787 0.935103 0.837524 0.946903 0.848162 0.950836 0.859768 0.945919 0.862669 0.93412 0.858801 0.918387 0.837524 0.916421
0 0.801741 0.895772 0.800774 0.905605 0.810445 0.915438 0.823985 0.911504 0.827853 0.896755 0.823017 0.887906 0.812379 0.886922
0 0.789168 0.854474 0.788201 0.86234 0.797872 0.875123 0.805609 0.873156 0.812379 0.86529 0.810445 0.854474 0.799807 0.845624 0.793037 0.846608
0 0.749516 0.80236 0.747582 0.822026 0.753385 0.834808 0.766925 0.845624 0.779497 0.844641 0.788201 0.834808 0.791103 0.823992 0.7853 0.803343 0.780464 0.798427 0.754352 0.798427
0 0.65087 0.80531 0.649903 0.824975 0.654739 0.837758 0.662476 0.843658 0.675048 0.843658 0.691489 0.837758 0.700193 0.823992 0.702128 0.810226 0.698259 0.79941 0.68472 0.785644 0.675048 0.783677 0.665377 0.786627 0.653772 0.79646
0 0.666344 0.861357 0.666344 0.880039 0.672147 0.888889 0.692456 0.889872 0.702128 0.879056 0.698259 0.85939 0.690522 0.851524 0.674081 0.852507
0 0.705029 0.837758 0.704062 0.852507 0.708897 0.866273 0.716634 0.87119 0.72824 0.869223 0.737911 0.846608 0.733075 0.832842 0.722437 0.824975 0.716634 0.824975
0 0.718569 0.73648 0.716634 0.745329 0.727273 0.764995 0.742747 0.765978 0.758221 0.750246 0.755319 0.731563 0.740812 0.721731
0 0.682785 0.704031 0.681818 0.714848 0.685687 0.722714 0.699226 0.731563 0.72147 0.725664 0.72824 0.712881 0.726306 0.692232 0.716634 0.684366 0.689555 0.693215
0 0.739845 0.691249 0.740812 0.704031 0.754352 0.713864 0.773694 0.714848 0.782398 0.708948 0.786267 0.700098 0.786267 0.690265 0.780464 0.679449 0.77176 0.675516 0.753385 0.6765
0 0.77176 0.731563 0.77176 0.741396 0.782398 0.748279 0.790135 0.745329 0.795938 0.737463 0.793037 0.726647 0.788201 0.722714 0.77853 0.72468
0 0.758221 0.770895 0.756286 0.778761 0.762089 0.786627 0.781431 0.787611 0.789168 0.780728 0.79207 0.767945 0.786267 0.760079 0.769826 0.758112
0 0.802708 0.780728 0.802708 0.800393 0.809478 0.807276 0.817215 0.806293 0.825919 0.794494 0.824952 0.783677 0.812379 0.774828
0 0.805609 0.744346 0.803675 0.758112 0.809478 0.764995 0.821083 0.764995 0.833656 0.754179 0.834623 0.744346 0.826886 0.73648 0.816248 0.73648
0 0.800774 0.702065 0.799807 0.715831 0.809478 0.723697 0.823985 0.723697 0.831721 0.716814 0.831721 0.705015 0.82205 0.694199 0.806576 0.695182
0 0.794004 0.660767 0.79207 0.6706 0.799807 0.682399 0.819149 0.682399 0.826886 0.675516 0.825919 0.660767 0.814313 0.650934 0.802708 0.651917
0 0.742747 0.636185 0.742747 0.651917 0.753385 0.662734 0.765957 0.663717 0.781431 0.6588 0.789168 0.647001 0.786267 0.628319 0.772727 0.618486 0.76499 0.617502 0.751451 0.622419
0 0.695358 0.616519 0.694391 0.627335 0.698259 0.639135 0.710832 0.645034 0.724371 0.644051 0.73501 0.629302 0.73501 0.615536 0.732108 0.608653 0.725338 0.60472 0.708897 0.60472
0 0.704062 0.568338 0.703095 0.583088 0.709865 0.591937 0.727273 0.59292 0.739845 0.581121 0.740812 0.565388 0.731141 0.555556 0.717602 0.555556 0.708897 0.560472
0 0.741779 0.597837 0.741779 0.60767 0.747582 0.612586 0.754352 0.612586 0.763056 0.602753 0.762089 0.593904 0.756286 0.588004 0.747582 0.589971
0 0.697292 0.52704 0.697292 0.540806 0.704062 0.545723 0.720503 0.543756 0.727273 0.533923 0.726306 0.522124 0.717602 0.514258 0.703095 0.517207
0 0.687621 0.47591 0.686654 0.490659 0.698259 0.504425 0.7147 0.502458 0.726306 0.491642 0.726306 0.474926 0.712766 0.462144 0.705029 0.46116 0.693424 0.466077
0 0.648936 0.469027 0.648936 0.480826 0.65764 0.485742 0.669246 0.482793 0.674081 0.473943 0.674081 0.466077 0.663443 0.45821 0.653772 0.46116
0 0.672147 0.431662 0.67118 0.445428 0.680851 0.453294 0.693424 0.452311 0.703095 0.441495 0.703095 0.429695 0.696325 0.421829 0.68472 0.422812
0 0.623791 0.427729 0.621857 0.445428 0.628627 0.453294 0.642166 0.455261 0.655706 0.448378 0.658607 0.430678 0.649903 0.419862 0.639265 0.417896
0 0.61412 0.377581 0.611219 0.39233 0.618956 0.40708 0.634429 0.410029 0.644101 0.40413 0.649903 0.389381 0.641199 0.369715 0.632495 0.365782
0 0.556093 0.351032 0.555126 0.361849 0.559961 0.368732 0.573501 0.374631 0.580271 0.368732 0.583172 0.351032 0.576402 0.3412 0.562863 0.3412
0 0.512573 0.39528 0.510638 0.40413 0.514507 0.419862 0.531915 0.433628 0.55706 0.434612 0.567698 0.424779 0.571567 0.415929 0.569632 0.386431 0.559961 0.376598 0.54352 0.371681 0.529981 0.373648 0.517408 0.382498
0 0.425532 0.317601 0.427466 0.3353 0.445841 0.355949 0.467118 0.357915 0.474855 0.353982 0.483559 0.342183 0.485493 0.330383 0.481625 0.311701 0.459381 0.292035 0.448743 0.293019 0.432302 0.303835
0 0.405222 0.361849 0.405222 0.375615 0.411025 0.386431 0.424565 0.390364 0.440039 0.380531 0.437137 0.362832 0.421663 0.351032 0.410058 0.352016
0 0.499033 0.306785 0.499033 0.3353 0.504836 0.339233 0.520309 0.337266 0.529981 0.3235 0.527079 0.305801 0.51354 0.300885
0 0.475822 0.276303 0.475822 0.287119 0.487427 0.297935 0.496132 0.295969 0.501934 0.290069 0.501934 0.283186 0.495164 0.273353 0.487427 0.270403
0 0.451644 0.265487 0.450677 0.279253 0.459381 0.281219 0.464217 0.279253 0.470986 0.261554 0.465184 0.254671 0.458414 0.253687
0 0.415861 0.278269 0.417795 0.293019 0.428433 0.293019 0.438104 0.281219 0.439072 0.271386 0.435203 0.267453 0.424565 0.267453
0 0.384913 0.264503 0.388781 0.285152 0.39265 0.288102 0.404255 0.286136 0.410058 0.274336 0.408124 0.265487 0.400387 0.259587 0.391683 0.259587
0 0.367505 0.239921 0.366538 0.247788 0.371373 0.252704 0.382012 0.253687 0.389749 0.247788 0.389749 0.240905 0.381044 0.234022 0.371373 0.235005
0 0.403288 0.231072 0.402321 0.241888 0.411025 0.250737 0.422631 0.253687 0.433269 0.247788 0.435203 0.237955 0.426499 0.225172 0.413926 0.222222
0 0.366538 0.199607 0.365571 0.212389 0.373308 0.223206 0.389749 0.227139 0.404255 0.219272 0.404255 0.196657 0.391683 0.186824 0.375242 0.187807 0.369439 0.19174
0 0.33559 0.180924 0.336557 0.196657 0.346228 0.20354 0.352998 0.201573 0.356867 0.195674 0.356867 0.181908 0.34913 0.176008
0 0.31528 0.144543 0.314313 0.165192 0.324952 0.172075 0.333656 0.171091 0.339458 0.163225 0.34236 0.147493 0.327853 0.13766
0 0.276596 0.149459 0.276596 0.157325 0.286267 0.166175 0.294004 0.166175 0.300774 0.160275 0.299807 0.148476 0.289168 0.139626 0.282398 0.141593
0 0.358801 0.151426 0.357834 0.166175 0.362669 0.173058 0.37911 0.172075 0.383946 0.168142 0.386847 0.154376 0.380077 0.144543 0.368472 0.142576
0 0.400387 0.160275 0.401354 0.176008 0.416828 0.179941 0.421663 0.177974 0.422631 0.167158 0.415861 0.158309 0.40619 0.155359
0 0.040619 0.0953786 0.0396518 0.107178 0.0435203 0.114061 0.0580271 0.116028 0.0628627 0.112094 0.0647969 0.0983284 0.0599613 0.0924287 0.049323 0.0904621
0 0.0116054 0.0943953 0.0106383 0.103245 0.0145068 0.110128 0.0212766 0.111111 0.0270793 0.107178 0.0280464 0.100295 0.0222437 0.0914454
0 0.0793037 0.0904621 0.0783366 0.102262 0.0831721 0.112094 0.0967118 0.113078 0.106383 0.104228 0.109284 0.0914454 0.103482 0.0825959 0.0870406 0.0806293
0 0.121857 0.0943953 0.121857 0.101278 0.126692 0.105211 0.136364 0.0993117 0.132495 0.0894789 0.125725 0.0894789
0 0.143133 0.0698132 0.142166 0.0816126 0.15087 0.0884956 0.161509 0.0884956 0.170213 0.0816126 0.170213 0.0717797 0.165377 0.06588
0 0.178917 0.0845624 0.17795 0.093412 0.182785 0.102262 0.192456 0.104228 0.204062 0.0973451 0.205029 0.0845624 0.199226 0.0766962 0.185687 0.0786627
0 0.210832 0.106195 0.209865 0.116028 0.2147 0.122911 0.226306 0.122911 0.23501 0.113078 0.232108 0.105211 0.222437 0.0983284 0.213733 0.100295
0 0.241779 0.121927 0.244681 0.136676 0.253385 0.144543 0.265957 0.143559 0.276596 0.130777 0.276596 0.117994 0.266925 0.108161 0.250484 0.109145
0 0.233075 0.0757129 0.232108 0.0884956 0.239845 0.0983284 0.255319 0.0993117 0.262089 0.0924287 0.264023 0.079646 0.254352 0.0707965 0.241779 0.0707965
0 0.209865 0.0599803 0.208897 0.0707965 0.211799 0.0747296 0.218569 0.0757129 0.225338 0.0717797 0.225338 0.0639135 0.219536 0.0570305
0 0.180851 0.0511308 0.176983 0.0560472 0.178917 0.0688299 0.185687 0.0707965 0.197292 0.0629302 0.196325 0.0570305
0 0.132495 0.0245821 0.132495 0.0452311 0.143133 0.0570305 0.165377 0.0550639 0.176983 0.0452311 0.178917 0.0216323 0.169246 0.0108161 0.146035 0.0108161
0 0.0870406 0.020649 0.0880077 0.0432645 0.0947776 0.0491642 0.115087 0.0491642 0.123791 0.0432645 0.124758 0.0186824 0.12089 0.0127827 0.098646 0.0117994
0 0.0396518 0.0245821 0.0386847 0.0442478 0.0464217 0.0540806 0.0705996 0.0511308 0.0793037 0.0432645 0.0802708 0.0255654 0.073501 0.0176991 0.0483559 0.0167158
0 0.0154739 0.0117994 0 0.0117994 0 0.0668633 0.0203095 0.0580138 0.0309478 0.0432645 0.0309478 0.0245821 0.0251451 0.0157325
0 0.109284 0.0639135 0.108317 0.0717797 0.112186 0.0766962 0.122824 0.0786627 0.130561 0.0747296 0.132495 0.06588 0.124758 0.0560472
0 0.0851064 0.0521141 0.0802708 0.0570305 0.082205 0.0668633 0.0870406 0.0707965 0.0947776 0.0688299 0.098646 0.0599803
0 0.05706 0.0639135 0.0522244 0.0707965 0.0541586 0.0776794 0.0667311 0.0806293 0.073501 0.0707965 0.0715667 0.0639135
0 0.187621 0.0186824 0.188588 0.0452311 0.20793 0.0501475 0.22147 0.0432645 0.226306 0.0285152 0.218569 0.0176991 0.195358 0.0127827
0 0.229207 0.0422812 0.22824 0.0540806 0.236944 0.0609636 0.250484 0.0589971 0.256286 0.0540806 0.257253 0.0393314 0.247582 0.0304818 0.23501 0.0314651
0 0.263056 0.0481809 0.262089 0.0609636 0.268859 0.0698132 0.282398 0.0707965 0.294004 0.0599803 0.294004 0.0481809 0.287234 0.0412979 0.27176 0.0393314
0 0.302708 0.0511308 0.300774 0.072763 0.307544 0.0835792 0.323985 0.0855457 0.334623 0.0766962 0.339458 0.0609636 0.329787 0.0491642 0.313346 0.0462144
0 0.337524 0.0845624 0.33559 0.0993117 0.348162 0.116028 0.361702 0.117011 0.376209 0.108161 0.381044 0.0914454 0.370406 0.0757129 0.351064 0.0698132
0 0.274662 0.0835792 0.27176 0.0973451 0.279497 0.104228 0.289168 0.105211 0.301741 0.0953786 0.300774 0.0875123 0.293037 0.0786627
0 0.311412 0.0953786 0.309478 0.101278 0.31528 0.107178 0.327853 0.105211 0.325919 0.0973451
0 0.346228 0.126844 0.345261 0.132743 0.352031 0.13766 0.359768 0.13176 0.357834 0.12586
0 0.368472 0.123894 0.368472 0.129794 0.375242 0.133727 0.384913 0.126844 0.380077 0.117994
0 0.400387 0.0973451 0.397485 0.112094 0.402321 0.119961 0.408124 0.120944 0.412959 0.117011 0.413926 0.105211 0.407157 0.0983284
0 0.419729 0.122911 0.416828 0.136676 0.421663 0.147493 0.435203 0.153392 0.452611 0.145526 0.454545 0.127827 0.44971 0.117994 0.433269 0.115044
0 0.39265 0.129794 0.390716 0.13766 0.394584 0.144543 0.405222 0.146509 0.409091 0.143559 0.407157 0.12881 0.400387 0.126844
0 0.510638 0.162242 0.509671 0.177974 0.515474 0.188791 0.529014 0.190757 0.541586 0.181908 0.542553 0.170108 0.535783 0.159292 0.522244 0.157325
0 0.467118 0.150442 0.470019 0.169125 0.482592 0.173058 0.494197 0.170108 0.496132 0.158309 0.490329 0.148476 0.472921 0.145526
0 0.477756 0.198623 0.477756 0.210423 0.487427 0.216323 0.500967 0.20649 0.502901 0.19174 0.494197 0.185841 0.48646 0.186824
0 0.450677 0.184857 0.448743 0.195674 0.458414 0.202557 0.467118 0.199607 0.472921 0.185841 0.464217 0.176008 0.459381 0.176008
0 0.420696 0.192724 0.421663 0.213373 0.434236 0.213373 0.440039 0.205506 0.439072 0.195674 0.43617 0.192724
0 0.444874 0.222222 0.443907 0.236971 0.44971 0.241888 0.459381 0.242871 0.468085 0.235988 0.471954 0.227139 0.467118 0.218289 0.459381 0.215339 0.448743 0.216323
0 0.478723 0.239921 0.478723 0.248771 0.487427 0.259587 0.500967 0.255654 0.510638 0.243854 0.497099 0.228122 0.48646 0.230088
0 0.510638 0.264503 0.509671 0.274336 0.518375 0.290069 0.533849 0.293019 0.54352 0.287119 0.546422 0.26942 0.535783 0.250737 0.523211 0.250737
0 0.433269 0.167158 0.435203 0.181908 0.441006 0.180924 0.448743 0.171091 0.448743 0.166175 0.44294 0.163225
0 0.509671 0.20944 0.508704 0.220256 0.512573 0.228122 0.521277 0.234022 0.530948 0.234022 0.534816 0.227139 0.530948 0.205506 0.524178 0.199607 0.515474 0.199607
0 0.576402 0.220256 0.577369 0.233038 0.584139 0.240905 0.598646 0.240905 0.605416 0.233038 0.605416 0.220256 0.59381 0.211406 0.584139 0.211406
0 0.547389 0.231072 0.546422 0.241888 0.55029 0.249754 0.559961 0.256637 0.567698 0.252704 0.564797 0.231072 0.556093 0.227139 0.55029 0.227139
0 0.579304 0.254671 0.582205 0.273353 0.592843 0.276303 0.60058 0.270403 0.601547 0.262537 0.595745 0.252704 0.585106 0.250737
0 0.561896 0.270403 0.560928 0.282203 0.5706 0.283186 0.569632 0.270403
0 0.539652 0.309735 0.538685 0.322517 0.546422 0.334317 0.559961 0.3353 0.571567 0.324484 0.574468 0.306785 0.56383 0.295969 0.549323 0.295969 0.541586 0.302852
0 0.580271 0.288102 0.579304 0.297935 0.588975 0.301868 0.591876 0.297935 0.590909 0.288102 0.588008 0.285152
0 0.60058 0.281219 0.597679 0.286136 0.606383 0.298918 0.616054 0.298918 0.622824 0.293019 0.621857 0.282203 0.617021 0.276303 0.60735 0.27532
0 0.629594 0.273353 0.628627 0.280236 0.633462 0.290069 0.645068 0.292035 0.654739 0.283186 0.651838 0.270403 0.644101 0.26352 0.637331 0.264503
0 0.585106 0.315634 0.587041 0.334317 0.598646 0.340216 0.604449 0.33825 0.611219 0.325467 0.608317 0.314651 0.601547 0.308751 0.591876 0.308751
0 0.619923 0.304818 0.617988 0.312684 0.622824 0.318584 0.631528 0.319567 0.640232 0.310718 0.634429 0.300885 0.628627 0.299902
0 0.649903 0.299902 0.648936 0.315634 0.66441 0.3294 0.67795 0.327434 0.689555 0.317601 0.691489 0.305801 0.680851 0.289086 0.662476 0.285152
0 0.646035 0.347099 0.646035 0.358899 0.648936 0.360865 0.66441 0.354966 0.665377 0.348083 0.660542 0.340216 0.651838 0.340216
0 0.62089 0.337266 0.619923 0.352016 0.631528 0.353982 0.635397 0.3353 0.625725 0.33235
0 0.662476 0.369715 0.662476 0.379548 0.667311 0.384464 0.673114 0.383481 0.676983 0.376598 0.675048 0.372665 0.670213 0.367748
0 0.688588 0.381514 0.688588 0.39528 0.692456 0.39823 0.698259 0.396264 0.703095 0.382498 0.699226 0.379548
0 0.658607 0.40118 0.656673 0.411013 0.662476 0.415929 0.67118 0.415929 0.679884 0.408063 0.679884 0.40118 0.675048 0.397247 0.662476 0.397247
0 0.676983 0.337266 0.675048 0.352016 0.67795 0.361849 0.694391 0.370698 0.710832 0.366765 0.72147 0.352016 0.724371 0.33825 0.719536 0.3294 0.696325 0.3235 0.685687 0.327434
0 0.716634 0.367748 0.7147 0.379548 0.727273 0.388397 0.737911 0.386431 0.745648 0.375615 0.744681 0.365782 0.734043 0.354966
0 0.748549 0.378564 0.744681 0.386431 0.746615 0.397247 0.754352 0.40413 0.762089 0.40413 0.77176 0.394297 0.77176 0.384464 0.758221 0.371681
0 0.706963 0.40118 0.705029 0.411013 0.709865 0.418879 0.720503 0.420846 0.72824 0.417896 0.731141 0.412979 0.72824 0.40118 0.720503 0.396264 0.710832 0.397247
0 0.769826 0.448378 0.770793 0.460177 0.77853 0.469027 0.79207 0.468043 0.807544 0.456244 0.807544 0.442478 0.802708 0.433628 0.789168 0.422812 0.780464 0.424779
0 0.769826 0.406096 0.768859 0.411996 0.773694 0.418879 0.7853 0.414946 0.782398 0.40413 0.776596 0.402163
0 0.744681 0.411996 0.739845 0.416912 0.740812 0.426745 0.749516 0.434612 0.758221 0.433628 0.763056 0.427729 0.763056 0.416912 0.754352 0.410029
0 0.715667 0.439528 0.718569 0.452311 0.726306 0.455261 0.737911 0.452311 0.738878 0.442478 0.731141 0.431662 0.724371 0.430678
0 0.739845 0.466077 0.739845 0.474926 0.744681 0.480826 0.755319 0.481809 0.763056 0.474926 0.762089 0.46706 0.755319 0.462144 0.745648 0.462144
0 0.769826 0.483776 0.77176 0.501475 0.787234 0.501475 0.783366 0.481809 0.77853 0.479843
0 0.795938 0.471976 0.793037 0.476893 0.794971 0.483776 0.806576 0.496559 0.810445 0.497542 0.827853 0.484759 0.82882 0.47591 0.816248 0.462144
0 0.73501 0.496559 0.733075 0.508358 0.738878 0.519174 0.752418 0.521141 0.758221 0.517207 0.761122 0.504425 0.755319 0.494592 0.739845 0.492625
0 0.737911 0.53589 0.739845 0.548673 0.744681 0.550639 0.754352 0.545723 0.750484 0.533923 0.743714 0.531957
0 0.765957 0.52704 0.76499 0.534907 0.769826 0.542773 0.77853 0.545723 0.790135 0.542773 0.79207 0.529007 0.7853 0.518191 0.772727 0.517207
0 0.804642 0.534907 0.804642 0.546706 0.809478 0.550639 0.816248 0.549656 0.819149 0.544739 0.816248 0.530973 0.812379 0.529007
0 0.820116 0.507375 0.820116 0.516224 0.826886 0.522124 0.83559 0.522124 0.846228 0.515241 0.84236 0.503441 0.833656 0.496559 0.823985 0.500492
0 0.832689 0.536873 0.831721 0.544739 0.839458 0.557522 0.84913 0.560472 0.864603 0.556539 0.863636 0.53884 0.853965 0.526057 0.840426 0.529007
0 0.794004 0.505408 0.79207 0.508358 0.795938 0.516224 0.799807 0.519174 0.807544 0.517207 0.804642 0.504425
0 0.754352 0.560472 0.754352 0.577188 0.768859 0.580138 0.775629 0.571288 0.775629 0.559489 0.765957 0.554572
0 0.777563 0.590954 0.775629 0.602753 0.7853 0.612586 0.798839 0.612586 0.807544 0.60472 0.806576 0.590954 0.797872 0.580138 0.786267 0.581121
0 0.791103 0.556539 0.790135 0.563422 0.796905 0.567355 0.800774 0.556539 0.795938 0.553589
0 0.813346 0.568338 0.816248 0.585054 0.821083 0.588987 0.82882 0.588004 0.832689 0.579154 0.829787 0.565388 0.819149 0.561455
0 0.844294 0.572271 0.84236 0.588987 0.847195 0.596853 0.862669 0.593904 0.875242 0.585054 0.873308 0.570305 0.868472 0.566372 0.848162 0.567355
0 0.857834 0.60767 0.855899 0.624385 0.861702 0.637168 0.878143 0.637168 0.88588 0.631268 0.884913 0.612586 0.877176 0.600787 0.865571 0.599803
0 0.864603 0.659784 0.864603 0.671583 0.870406 0.678466 0.877176 0.681416 0.889749 0.678466 0.890716 0.656834 0.886847 0.645034 0.871373 0.647001
0 0.833656 0.647001 0.832689 0.653884 0.838491 0.66765 0.852031 0.666667 0.853965 0.647001 0.850097 0.641101 0.84236 0.639135
0 0.799807 0.624385 0.800774 0.638151 0.812379 0.640118 0.817215 0.637168 0.818182 0.628319 0.814313 0.620452
0 0.837524 0.681416 0.836557 0.691249 0.841393 0.699115 0.851064 0.701082 0.858801 0.696165 0.859768 0.687316 0.853965 0.679449 0.846228 0.677483
0 0.871373 0.694199 0.873308 0.705015 0.87911 0.708948 0.888781 0.707965 0.890716 0.699115 0.886847 0.689282
0 0.846228 0.716814 0.844294 0.72763 0.84913 0.743363 0.862669 0.745329 0.87234 0.738446 0.874275 0.722714 0.868472 0.713864 0.861702 0.710914
0 0.89265 0.751229 0.890716 0.764012 0.897485 0.774828 0.907157 0.776794 0.922631 0.768928 0.922631 0.757129 0.912959 0.744346 0.904255 0.743363
0 0.909091 0.795477 0.911025 0.818092 0.922631 0.823009 0.940039 0.819076 0.941973 0.806293 0.940039 0.789577 0.93617 0.785644 0.918762 0.785644
0 0.869439 0.824975 0.864603 0.829892 0.864603 0.838741 0.869439 0.845624 0.880077 0.846608 0.884913 0.837758 0.883946 0.830875 0.877176 0.823009
0 0.806576 0.823009 0.806576 0.837758 0.823985 0.845624 0.830754 0.832842 0.82882 0.817109 0.821083 0.816126
0 0.825919 0.86529 0.825919 0.877089 0.837524 0.880039 0.84236 0.876106 0.844294 0.867257 0.840426 0.86234 0.833656 0.860374
0 0.859768 0.864307 0.860735 0.879056 0.87234 0.882989 0.877176 0.875123 0.874275 0.863324 0.863636 0.861357
0 0.889749 0.858407 0.891683 0.876106 0.897485 0.880039 0.90619 0.872173 0.90619 0.86234 0.900387 0.856441
0 0.843327 0.888889 0.841393 0.893805 0.847195 0.900688 0.857834 0.900688 0.854932 0.888889
0 0.876209 0.898722 0.87234 0.904621 0.875242 0.919371 0.883946 0.923304 0.893617 0.921337 0.897485 0.914454 0.893617 0.894789 0.882979 0.892822
0 0.910058 0.882006 0.907157 0.896755 0.912959 0.911504 0.926499 0.913471 0.939072 0.907571 0.941973 0.893805 0.939072 0.879056 0.921663 0.87414
0 0.900387 0.93412 0.89942 0.949853 0.904255 0.957719 0.914894 0.958702 0.925532 0.953786 0.930368 0.93707 0.925532 0.924287 0.911025 0.923304
0 0.903288 0.973451 0.90619 0.993117 0.909091 0.999017 0.912959 0.999017 0.923598 0.990167 0.925532 0.973451 0.920696 0.969518
0 0.844294 0.995084 0.843327 0.999017 0.870406 0.999017 0.868472 0.992134 0.861702 0.988201 0.852998 0.988201
0 0.163443 0.430678 0.15764 0.438545 0.163443 0.466077 0.186654 0.474926 0.202128 0.459194 0.206963 0.447394 0.202128 0.427729 0.175048 0.423795
0 0.000967118 0.0747296 0 0.0924287 0.00773694 0.0855457 0.00773694 0.079646
0 0.826886 0.613569 0.82882 0.625369 0.841393 0.629302 0.84236 0.609636
0 0.841393 0.836775 0.840426 0.844641 0.852031 0.849558 0.852998 0.836775
0 0.326886 0.115044 0.324952 0.12586 0.33559 0.12881 0.33559 0.116028
0 0.151838 0.154376 0.15087 0.169125 0.156673 0.182891 0.17118 0.180924 0.18472 0.169125 0.185687 0.161259 0.176015 0.151426 0.156673 0.147493
0 0.539652 0.870206 0.540619 0.895772 0.546422 0.903638 0.5706 0.907571 0.581238 0.897738 0.585106 0.879056 0.578337 0.858407 0.562863 0.858407
0 0.612186 0.233038 0.604449 0.247788 0.605416 0.254671 0.61412 0.265487 0.628627 0.262537 0.636364 0.254671 0.634429 0.240905 0.626692 0.234022
0 0.545455 0.186824 0.538685 0.195674 0.541586 0.210423 0.56383 0.218289 0.571567 0.20649 0.571567 0.19174 0.55706 0.179941
0 0.880077 0.787611 0.882979 0.809243 0.891683 0.80236 0.894584 0.787611 0.890716 0.783677
0 0.860735 0.759095 0.860735 0.771878 0.865571 0.775811 0.874275 0.773845 0.877176 0.764995 0.873308 0.759095
